1  0.12 
2  0.04 
3  0.051 
4  0.088 
5  0.061 
6  0.028 
7  0.043 
8  0.057 
9  0.033 
10  0.024 
11  0.013 
12  0.023 
13  0.008 
14  0.033 
15  0.016 
16  0.068 
17  0.153 
18  0.187 
19  0.251 
20  0.422 
21  0.403 
22  0.227 
23  0.342 
24  0.414 
25  0.296 
26  0.551 
27  0.432 
28  0.661 
29  1.104 
30  0.892 
31  0.964 
32  0.633 
33  0.565 
34  0.263 
35  0.16 
36  0.038 
37  0.018 
38  0.053 
39  0.073 
40  0.143 
41  0.147 
42  0.131 
43  0.174 
44  0.194 
45  0.198 
46  0.136 
47  0.129 
48  0.183 
49  0.162 
50  0.103 
51  0.105 
52  0.161 
53  0.141 
54  0.093 
55  0.144 
56  0.262 
57  0.226 
58  0.157 
59  0.2 
60  0.097 
61  0.167 
62  0.322 
63  0.224 
64  0.226 
65  0.434 
66  0.865 
67  0.912 
68  0.373 
69  0.381 
70  0.401 
71  0.402 
72  0.24 
73  0.134 
74  0.108 
75  0.15 
76  0.078 
77  0.038 
78  0.058 
79  0.099 
80  0.095 
81  0.121 
82  0.086 
83  0.052 
84  0.03 
85  0.031 
86  0.034 
87  0.117 
88  0.246 
89  0.632 
90  1.405 
91  2.942 
92  2.328 
93  2.032 
94  1.458 
95  0.625 
96  0.574 
97  0.245 
98  0.109 
99  0.054 
100  0.06 
101  0.045 
102  0.053 
103  0.061 
104  0.094 
105  0.142 
106  0.264 
107  0.766 
108  0.303 
109  0.121 
110  0.05 
111  0.063 
112  0.052 
113  0.081 
114  0.055 
115  0.115 
116  0.094 
117  0.115 
118  0.223 
119  0.369 
120  0.682 
121  1.237 
122  1.52 
123  0.876 
124  0.832 
125  0.765 
126  0.52 
127  0.181 
128  0.132 
129  0.166 
130  0.111 
131  0.026 
132  0.039 
133  0.073 
134  0.055 
135  0.033 
136  0.047 
137  0.086 
138  0.08 
139  0.048 
140  0.069 
141  0.14 
142  0.126 
143  0.082 
144  0.129 
145  0.075 
146  0.134 
147  0.146 
148  0.113 
149  0.155 
150  0.194 
151  0.223 
152  0.407 
153  0.548 
154  0.405 
155  0.805 
156  0.832 
157  0.468 
158  0.903 
159  0.733 
160  0.446 
161  0.629 
162  0.716 
163  0.507 
164  0.563 
165  0.686 
166  0.744 
167  0.538 
168  0.552 
169  0.437 
170  0.414 
171  0.286 
172  0.188 
173  0.445 
174  0.638 
175  0.821 
176  1.744 
177  5.558 
178  5.532 
179  3.634 
180  1.12 
181  0.897 
182  2.359 
183  2.826 
184  4.271 
185  3.409 
186  0.865 
187  0.875 
188  0.429 
189  0.376 
190  0.31 
191  0.251 
192  0.207 
193  0.239 
194  0.283 
195  0.257 
196  2.002 
197  4.703 
