1  1.748 
2  1.24 
3  1.049 
4  0.523 
5  0.255 
6  0.22 
7  0.256 
8  0.03 
9  0.029 
10  0.216 
11  0.253 
12  0.298 
13  0.495 
14  0.417 
15  0.239 
16  0.293 
17  0.607 
18  0.8 
19  0.63 
20  0.568 
21  0.502 
22  0.302 
23  0.133 
24  0.092 
25  0.272 
26  0.453 
27  0.846 
28  1.184 
29  1.073 
30  0.598 
31  0.352 
32  0.157 
33  0.035 
34  0.046 
35  0.086 
36  0.095 
37  0.129 
38  0.127 
39  0.1 
40  0.201 
41  0.172 
42  0.062 
43  0.006 
44  0.053 
45  0.073 
46  0.02 
47  0.019 
48  0.072 
49  0.059 
50  0.013 
51  0.044 
52  0.092 
53  0.042 
54  0.013 
55  0.071 
56  0.07 
57  0.013 
58  0.04 
59  0.121 
60  0.06 
61  0.09 
62  0.223 
63  0.182 
64  0.163 
65  0.312 
66  0.424 
67  0.599 
68  0.388 
69  0.492 
70  1.098 
71  0.756 
72  0.904 
73  0.809 
74  0.331 
75  0.153 
76  0.177 
77  0.229 
78  0.053 
79  0.028 
80  0.114 
81  0.183 
82  0.176 
83  0.082 
84  0.068 
85  0.061 
86  0.048 
87  0.033 
88  0.048 
89  0.109 
90  0.33 
91  0.562 
92  0.381 
93  0.499 
94  0.378 
95  0.144 
96  0.176 
97  0.097 
98  0.042 
99  0.046 
100  0.061 
101  0.075 
102  0.075 
103  0.076 
104  0.306 
105  0.63 
106  0.727 
107  1.111 
108  1.243 
109  0.776 
110  0.413 
111  0.203 
112  0.048 
113  0.075 
114  0.068 
115  0.06 
116  0.069 
117  0.073 
118  0.068 
119  0.161 
120  0.265 
121  0.375 
122  0.45 
123  0.324 
124  0.33 
125  0.344 
126  0.337 
127  0.219 
128  0.092 
129  0.082 
130  0.108 
131  0.034 
132  0.021 
133  0.038 
134  0.052 
135  0.063 
136  0.051 
137  0.091 
138  0.183 
139  0.116 
140  0.077 
141  0.216 
142  0.187 
143  0.059 
144  0.218 
145  0.203 
146  0.461 
147  0.149 
148  0.017 
149  0.056 
150  0.096 
151  0.073 
152  0.111 
153  0.187 
154  0.21 
155  0.21 
156  0.107 
157  0.108 
158  0.05 
159  0.04 
160  0.082 
161  0.1 
162  0.069 
163  0.074 
164  0.105 
165  0.125 
166  0.108 
167  0.091 
168  0.108 
169  0.087 
170  0.109 
171  0.102 
172  0.102 
173  0.158 
174  0.131 
175  0.094 
176  0.097 
177  0.26 
178  0.715 
179  0.966 
180  0.469 
181  0.369 
182  1.207 
183  1.462 
184  0.889 
185  0.489 
186  0.144 
187  0.456 
188  0.246 
189  0.125 
190  0.052 
191  0.086 
192  0.067 
193  0.004 
194  0.259 
195  0.391 
196  7.009 
197  40.814 
