1  3.24 
2  1.899 
3  1.874 
4  1.604 
5  0.947 
6  0.594 
7  0.685 
8  0.511 
9  0.222 
10  0.159 
11  0.077 
12  0.029 
13  0.032 
14  0.03 
15  0.011 
16  0.005 
17  0.014 
18  0.017 
19  0.067 
20  0.125 
21  0.277 
22  0.232 
23  0.247 
24  0.527 
25  0.47 
26  0.898 
27  0.98 
28  0.898 
29  0.628 
30  0.391 
31  0.526 
32  0.324 
33  0.351 
34  0.105 
35  0.111 
36  0.039 
37  0.079 
38  0.104 
39  0.175 
40  0.319 
41  0.275 
42  0.256 
43  0.327 
44  0.402 
45  0.159 
46  0.089 
47  0.236 
48  0.299 
49  0.173 
50  0.18 
51  0.348 
52  0.454 
53  0.346 
54  0.271 
55  0.384 
56  0.524 
57  0.338 
58  0.202 
59  0.224 
60  0.206 
61  0.251 
62  0.277 
63  0.173 
64  0.647 
65  0.99 
66  2.059 
67  1.677 
68  0.629 
69  1.015 
70  3.479 
71  2.435 
72  3.125 
73  2.582 
74  0.873 
75  0.425 
76  0.476 
77  0.697 
78  0.299 
79  0.242 
80  0.518 
81  0.522 
82  0.259 
83  0.138 
84  0.035 
85  0.028 
86  0.008 
87  0.027 
88  0.027 
89  0.159 
90  0.216 
91  0.621 
92  0.993 
93  0.826 
94  0.315 
95  0.171 
96  0.069 
97  0.052 
98  0.05 
99  0.03 
100  0.053 
101  0.032 
102  0.117 
103  0.168 
104  0.351 
105  0.569 
106  0.472 
107  0.589 
108  0.727 
109  0.489 
110  0.401 
111  0.186 
112  0.112 
113  0.089 
114  0.041 
115  0.036 
116  0.054 
117  0.053 
118  0.13 
119  0.192 
120  0.307 
121  0.512 
122  0.272 
123  0.165 
124  0.458 
125  0.845 
126  0.638 
127  0.522 
128  0.158 
129  0.149 
130  0.16 
131  0.085 
132  0.034 
133  0.057 
134  0.055 
135  0.039 
136  0.062 
137  0.086 
138  0.137 
139  0.154 
140  0.194 
141  0.271 
142  0.381 
143  0.365 
144  0.332 
145  0.274 
146  0.179 
147  0.086 
148  0.05 
149  0.046 
150  0.072 
151  0.155 
152  0.199 
153  0.322 
154  0.398 
155  0.381 
156  0.297 
157  0.304 
158  0.264 
159  0.176 
160  0.2 
161  0.212 
162  0.148 
163  0.11 
164  0.155 
165  0.186 
166  0.135 
167  0.099 
168  0.135 
169  0.136 
170  0.179 
171  0.216 
172  0.168 
173  0.283 
174  0.271 
175  0.362 
176  0.294 
177  0.266 
178  0.476 
179  0.561 
180  0.11 
181  0.556 
182  2.454 
183  2.048 
184  1.064 
185  0.346 
186  0.132 
187  0.654 
188  0.482 
189  0.316 
190  0.168 
191  0.118 
192  0.065 
193  0.057 
194  0.07 
195  0.189 
196  0.746 
197  18.404 
