1  0.209 
2  0.219 
3  0.224 
4  0.118 
5  0.06 
6  0.093 
7  0.124 
8  0.048 
9  0.034 
10  0.106 
11  0.136 
12  0.091 
13  0.144 
14  0.095 
15  0.036 
16  0.042 
17  0.103 
18  0.093 
19  0.098 
20  0.154 
21  0.186 
22  0.107 
23  0.107 
24  0.144 
25  0.133 
26  0.22 
27  0.239 
28  0.27 
29  0.26 
30  0.169 
31  0.178 
32  0.117 
33  0.114 
34  0.06 
35  0.066 
36  0.05 
37  0.097 
38  0.136 
39  0.158 
40  0.287 
41  0.244 
42  0.167 
43  0.186 
44  0.169 
45  0.071 
46  0.047 
47  0.069 
48  0.056 
49  0.01 
50  0.022 
51  0.078 
52  0.071 
53  0.058 
54  0.093 
55  0.19 
56  0.211 
57  0.168 
58  0.202 
59  0.433 
60  0.497 
61  0.199 
62  0.218 
63  0.478 
64  0.264 
65  0.111 
66  0.302 
67  0.408 
68  0.538 
69  0.65 
70  0.611 
71  0.356 
72  0.272 
73  0.408 
74  0.244 
75  0.132 
76  0.273 
77  0.317 
78  0.166 
79  0.208 
80  0.356 
81  0.381 
82  0.258 
83  0.144 
84  0.064 
85  0.033 
86  0.009 
87  0.015 
88  0.028 
89  0.063 
90  0.102 
91  0.2 
92  0.205 
93  0.143 
94  0.057 
95  0.016 
96  0.011 
97  0.005 
98  0.002 
99  0.01 
100  0.038 
101  0.04 
102  0.071 
103  0.067 
104  0.14 
105  0.194 
106  0.248 
107  0.273 
108  0.295 
109  0.238 
110  0.145 
111  0.11 
112  0.061 
113  0.08 
114  0.054 
115  0.087 
116  0.056 
117  0.028 
118  0.035 
119  0.029 
120  0.038 
121  0.081 
122  0.094 
123  0.072 
124  0.094 
125  0.148 
126  0.144 
127  0.11 
128  0.048 
129  0.043 
130  0.055 
131  0.036 
132  0.015 
133  0.027 
134  0.039 
135  0.016 
136  0.012 
137  0.036 
138  0.028 
139  0.005 
140  0.025 
141  0.036 
142  0.009 
143  0.007 
144  0.04 
145  0.072 
146  0.144 
147  0.128 
148  0.081 
149  0.106 
150  0.1 
151  0.054 
152  0.041 
153  0.057 
154  0.127 
155  0.195 
156  0.13 
157  0.084 
158  0.058 
159  0.028 
160  0.02 
161  0.017 
162  0.025 
163  0.031 
164  0.072 
165  0.098 
166  0.088 
167  0.076 
168  0.128 
169  0.107 
170  0.146 
171  0.165 
172  0.263 
173  0.451 
174  0.497 
175  0.19 
176  0.757 
177  1.729 
178  5.342 
179  8.985 
180  5.12 
181  6.304 
182  14.42 
183  15.476 
184  10.311 
185  4.667 
186  1.26 
187  0.165 
188  0.054 
189  0.044 
190  0.109 
191  0.104 
192  0.131 
193  0.132 
194  0.187 
195  0.132 
196  0.247 
197  0.372 
