1  0.237 
2  0.141 
3  0.151 
4  0.147 
5  0.058 
6  0.048 
7  0.118 
8  0.092 
9  0.065 
10  0.11 
11  0.172 
12  0.109 
13  0.248 
14  0.247 
15  0.132 
16  0.252 
17  0.522 
18  0.537 
19  0.754 
20  1.075 
21  1.304 
22  0.84 
23  0.581 
24  0.449 
25  0.474 
26  0.715 
27  1.861 
28  3.082 
29  2.405 
30  1.089 
31  0.272 
32  0.066 
33  0.129 
34  0.17 
35  0.219 
36  0.146 
37  0.15 
38  0.131 
39  0.065 
40  0.172 
41  0.211 
42  0.133 
43  0.303 
44  0.218 
45  0.306 
46  0.159 
47  0.047 
48  0.13 
49  0.202 
50  0.121 
51  0.155 
52  0.235 
53  0.255 
54  0.225 
55  0.237 
56  0.302 
57  0.39 
58  0.389 
59  0.352 
60  0.419 
61  0.643 
62  0.834 
63  0.667 
64  1.451 
65  2.015 
66  5.072 
67  3.749 
68  1.165 
69  0.62 
70  2.661 
71  2.374 
72  3.609 
73  3.003 
74  1.12 
75  0.702 
76  0.708 
77  0.707 
78  0.125 
79  0.027 
80  0.179 
81  0.222 
82  0.318 
83  0.164 
84  0.143 
85  0.078 
86  0.095 
87  0.055 
88  0.034 
89  0.326 
90  0.884 
91  2.448 
92  2.355 
93  2.554 
94  1.52 
95  0.346 
96  0.3 
97  0.124 
98  0.027 
99  0.07 
100  0.095 
101  0.127 
102  0.152 
103  0.051 
104  0.029 
105  0.029 
106  0.043 
107  0.098 
108  0.088 
109  0.072 
110  0.031 
111  0.03 
112  0.056 
113  0.066 
114  0.086 
115  0.111 
116  0.072 
117  0.085 
118  0.049 
119  0.28 
120  0.596 
121  1.293 
122  1.082 
123  0.484 
124  0.897 
125  1.095 
126  0.815 
127  0.63 
128  0.286 
129  0.259 
130  0.338 
131  0.29 
132  0.197 
133  0.22 
134  0.267 
135  0.235 
136  0.195 
137  0.182 
138  0.194 
139  0.147 
140  0.074 
141  0.057 
142  0.074 
143  0.055 
144  0.014 
145  0.021 
146  0.072 
147  0.091 
148  0.085 
149  0.087 
150  0.105 
151  0.15 
152  0.409 
153  0.395 
154  0.371 
155  0.356 
156  0.495 
157  0.571 
158  0.727 
159  0.563 
160  0.522 
161  0.695 
162  0.603 
163  0.437 
164  0.525 
165  0.701 
166  0.624 
167  0.418 
168  0.484 
169  0.356 
170  0.327 
171  0.31 
172  0.159 
173  0.166 
174  0.068 
175  0.094 
176  0.162 
177  1.029 
178  0.896 
179  0.201 
180  0.067 
181  0.119 
182  0.791 
183  0.111 
184  0.402 
185  0.657 
186  0.266 
187  0.22 
188  0.384 
189  0.325 
190  0.129 
191  0.18 
192  0.145 
193  0.204 
194  0.244 
195  0.122 
196  0.012 
197  2.908 
