1  1.32 
2  0.898 
3  1.219 
4  1.222 
5  0.709 
6  0.611 
7  0.917 
8  0.828 
9  0.456 
10  0.488 
11  0.661 
12  0.514 
13  0.389 
14  0.237 
15  0.162 
16  0.126 
17  0.283 
18  0.322 
19  0.279 
20  0.306 
21  0.373 
22  0.197 
23  0.076 
24  0.129 
25  0.212 
26  0.328 
27  0.373 
28  0.469 
29  0.532 
30  0.333 
31  0.287 
32  0.141 
33  0.048 
34  0.012 
35  0.001 
36  0.01 
37  0.019 
38  0.041 
39  0.116 
40  0.167 
41  0.127 
42  0.158 
43  0.423 
44  0.5 
45  0.478 
46  0.285 
47  0.233 
48  0.318 
49  0.241 
50  0.112 
51  0.093 
52  0.092 
53  0.08 
54  0.002 
55  0.016 
56  0.12 
57  0.199 
58  0.223 
59  0.635 
60  1.683 
61  1.297 
62  1.391 
63  2.619 
64  3.598 
65  3.306 
66  6.215 
67  4.089 
68  3.007 
69  1.213 
70  1.426 
71  0.57 
72  1.37 
73  1.484 
74  0.587 
75  0.491 
76  0.791 
77  0.46 
78  0.152 
79  0.302 
80  0.33 
81  0.102 
82  0.12 
83  0.082 
84  0.043 
85  0.029 
86  0.012 
87  0.019 
88  0.033 
89  0.086 
90  0.195 
91  0.283 
92  0.163 
93  0.246 
94  0.248 
95  0.141 
96  0.109 
97  0.042 
98  0.028 
99  0.027 
100  0.05 
101  0.07 
102  0.168 
103  0.29 
104  0.517 
105  0.667 
106  0.655 
107  0.7 
108  0.655 
109  0.443 
110  0.338 
111  0.193 
112  0.079 
113  0.125 
114  0.084 
115  0.077 
116  0.055 
117  0.032 
118  0.034 
119  0.034 
120  0.052 
121  0.085 
122  0.08 
123  0.073 
124  0.081 
125  0.108 
126  0.088 
127  0.043 
128  0.041 
129  0.029 
130  0.026 
131  0.02 
132  0.013 
133  0.011 
134  0.019 
135  0.012 
136  0.007 
137  0.015 
138  0.062 
139  0.061 
140  0.039 
141  0.079 
142  0.238 
143  0.249 
144  0.171 
145  0.117 
146  0.092 
147  0.091 
148  0.07 
149  0.136 
150  0.145 
151  0.094 
152  0.028 
153  0.121 
154  0.094 
155  0.301 
156  0.259 
157  0.303 
158  0.432 
159  0.2 
160  0.106 
161  0.322 
162  0.411 
163  0.276 
164  0.324 
165  0.62 
166  0.818 
167  0.695 
168  0.752 
169  0.562 
170  0.783 
171  0.887 
172  1.106 
173  2.425 
174  2.089 
175  1.436 
176  2.055 
177  2.198 
178  0.697 
179  0.368 
180  1.523 
181  2.051 
182  4.132 
183  1.658 
184  0.66 
185  0.103 
186  0.359 
187  0.329 
188  0.185 
189  0.258 
190  0.317 
191  0.315 
192  0.402 
193  0.4 
194  0.185 
195  0.017 
196  0.054 
197  0.134 
