1  0.882 
2  0.62 
3  0.382 
4  0.194 
5  0.11 
6  0.024 
7  0.012 
8  0.091 
9  0.164 
10  0.105 
11  0.111 
12  0.238 
13  0.145 
14  0.045 
15  0.082 
16  0.073 
17  0.022 
18  0.025 
19  0.018 
20  0.034 
21  0.086 
22  0.127 
23  0.163 
24  0.176 
25  0.015 
26  0.317 
27  0.559 
28  0.437 
29  0.593 
30  0.458 
31  0.183 
32  0.247 
33  0.334 
34  0.168 
35  0.08 
36  0.209 
37  0.289 
38  0.167 
39  0.067 
40  0.086 
41  0.09 
42  0.083 
43  0.074 
44  0.051 
45  0.215 
46  0.365 
47  0.797 
48  2.386 
49  2.375 
50  0.965 
51  0.567 
52  0.169 
53  0.134 
54  0.041 
55  0.032 
56  0.063 
57  0.065 
58  0.084 
59  0.095 
60  0.177 
61  1.448 
62  8.441 
63  15.882 
64  2.925 
65  3.43 
66  0.651 
67  0.784 
68  1.148 
69  0.411 
70  0.005 
71  0.052 
72  0.293 
73  0.242 
74  0.132 
75  0.063 
76  0.065 
77  0.031 
78  0.033 
79  0.036 
80  0.028 
81  0.05 
82  0.044 
83  0.023 
84  0.005 
85  0.044 
86  0.056 
87  0.039 
88  0.038 
89  0.062 
90  0.075 
91  0.074 
92  0.082 
93  0.078 
94  0.063 
95  0.064 
96  0.057 
97  0.051 
98  0.054 
99  0.036 
100  0.012 
101  0.035 
102  0.06 
103  0.07 
104  0.03 
105  0.024 
106  0.199 
107  0.077 
108  0.093 
109  0.116 
110  0.399 
111  0.245 
112  0.146 
113  0.197 
114  0.17 
115  0.162 
116  0.414 
117  0.722 
118  0.731 
119  0.438 
120  0.462 
121  0.716 
122  0.578 
123  0.434 
124  0.501 
125  0.812 
126  0.838 
127  0.621 
128  0.603 
129  0.439 
130  0.196 
131  0.122 
132  0.19 
133  0.478 
134  1.736 
135  2.519 
136  3.523 
137  3.164 
138  2.763 
139  1.955 
140  1.871 
141  1.514 
142  1.744 
143  1.174 
144  1.253 
145  0.586 
146  0.205 
147  0.138 
148  0.036 
149  0.093 
150  0.498 
151  0.745 
152  1.364 
153  7.724 
