1  0.347 
2  0.118 
3  0.097 
4  0.096 
5  0.104 
6  0.097 
7  0.073 
8  0.063 
9  0.016 
10  0.015 
11  0.031 
12  0.054 
13  0.025 
14  0.021 
15  0.051 
16  0.036 
17  0.018 
18  0.039 
19  0.048 
20  0.016 
21  0.039 
22  0.094 
23  0.274 
24  0.265 
25  0.389 
26  0.737 
27  0.718 
28  0.237 
29  0.224 
30  0.333 
31  0.121 
32  0.07 
33  0.213 
34  0.199 
35  0.147 
36  0.253 
37  0.344 
38  0.236 
39  0.217 
40  0.174 
41  0.115 
42  0.1 
43  0.105 
44  0.08 
45  0.103 
46  0.165 
47  0.746 
48  1.535 
49  1.799 
50  0.763 
51  0.306 
52  0.093 
53  0.157 
54  0.115 
55  0.096 
56  0.108 
57  0.113 
58  0.134 
59  0.152 
60  0.101 
61  0.447 
62  0.541 
63  1.26 
64  1.559 
65  5.57 
66  8.901 
67  5.814 
68  3.348 
69  0.469 
70  0.139 
71  0.07 
72  0.101 
73  0.123 
74  0.114 
75  0.13 
76  0.135 
77  0.124 
78  0.153 
79  0.219 
80  0.507 
81  0.6 
82  0.304 
83  0.322 
84  0.165 
85  0.102 
86  0.08 
87  0.083 
88  0.084 
89  0.057 
90  0.061 
91  0.09 
92  0.067 
93  0.045 
94  0.075 
95  0.068 
96  0.026 
97  0.031 
98  0.034 
99  0.01 
100  0.058 
101  0.085 
102  0.028 
103  0.029 
104  0.09 
105  0.106 
106  0.134 
107  0.025 
108  0.137 
109  0.132 
110  0.068 
111  0.084 
112  0.442 
113  1.174 
114  2.107 
115  2.976 
116  1.446 
117  0.495 
118  0.787 
119  0.454 
120  0.171 
121  0.25 
122  0.329 
123  0.093 
124  0.07 
125  0.219 
126  0.374 
127  0.191 
128  0.136 
129  0.027 
130  0.014 
131  0.249 
132  0.623 
133  1.722 
134  4.133 
135  3.052 
136  3.641 
137  0.686 
138  0.17 
139  1.881 
140  5.631 
141  7.673 
142  2.567 
143  4.266 
144  2.469 
145  0.839 
146  1.012 
147  0.515 
148  0.02 
149  0.112 
150  0.147 
151  0.035 
152  0.064 
153  0.197 
