1  0.667 
2  1.087 
3  0.508 
4  0.324 
5  0.176 
6  0.033 
7  0.231 
8  0.239 
9  0.654 
10  0.389 
11  0.301 
12  0.782 
13  0.55 
14  0.314 
15  0.679 
16  0.798 
17  0.452 
18  0.615 
19  0.984 
20  1.036 
21  0.966 
22  0.832 
23  0.432 
24  0.491 
25  0.52 
26  2.034 
27  2.23 
28  1.181 
29  0.855 
30  0.93 
31  0.351 
32  0.118 
33  0.265 
34  0.279 
35  0.081 
36  0.201 
37  0.505 
38  0.397 
39  0.229 
40  0.227 
41  0.216 
42  0.161 
43  0.094 
44  0.02 
45  0.135 
46  0.407 
47  1.024 
48  4.484 
49  6.827 
50  3.158 
51  1.729 
52  0.399 
53  0.193 
54  0.1 
55  0.08 
56  0.202 
57  0.187 
58  0.207 
59  0.288 
60  0.339 
61  0.671 
62  3.617 
63  3.929 
64  0.318 
65  2.745 
66  3.446 
67  1.714 
68  1.882 
69  0.3 
70  0.014 
71  0.019 
72  0.072 
73  0.101 
74  0.156 
75  0.183 
76  0.333 
77  0.37 
78  0.5 
79  0.811 
80  1.952 
81  1.12 
82  0.343 
83  1.399 
84  2.485 
85  1.796 
86  1.529 
87  0.711 
88  0.625 
89  0.806 
90  0.686 
91  0.43 
92  0.383 
93  0.405 
94  0.359 
95  0.215 
96  0.094 
97  0.14 
98  0.184 
99  0.089 
100  0.129 
101  0.299 
102  0.339 
103  0.26 
104  0.237 
105  0.087 
106  0.121 
107  0.057 
108  0.02 
109  0.065 
110  0.156 
111  0.163 
112  0.3 
113  0.552 
114  0.784 
115  1.009 
116  0.537 
117  0.465 
118  0.328 
119  0.254 
120  0.255 
121  0.291 
122  0.208 
123  0.162 
124  0.212 
125  0.183 
126  0.126 
127  0.077 
128  0.106 
129  0.153 
130  0.277 
131  0.423 
132  0.372 
133  0.476 
134  0.586 
135  0.346 
136  0.468 
137  0.245 
138  0.185 
139  0.571 
140  0.935 
141  1.246 
142  0.503 
143  0.894 
144  0.634 
145  0.395 
146  0.404 
147  0.226 
148  0.204 
149  0.147 
150  0.113 
151  0.243 
152  0.286 
153  0.763 
