1  0.573 
2  0.141 
3  0.03 
4  0.027 
5  0.023 
6  0.025 
7  0.035 
8  0.107 
9  0.147 
10  0.076 
11  0.083 
12  0.13 
13  0.046 
14  0.01 
15  0.055 
16  0.01 
17  0.022 
18  0.083 
19  0.055 
20  0.061 
21  0.211 
22  0.316 
23  0.457 
24  0.53 
25  0.369 
26  0.679 
27  0.803 
28  0.522 
29  0.583 
30  0.486 
31  0.231 
32  0.212 
33  0.211 
34  0.145 
35  0.113 
36  0.104 
37  0.13 
38  0.136 
39  0.155 
40  0.166 
41  0.175 
42  0.098 
43  0.056 
44  0.014 
45  0.068 
46  0.242 
47  1.267 
48  2.848 
49  3.224 
50  1.495 
51  0.512 
52  0.094 
53  0.194 
54  0.121 
55  0.066 
56  0.13 
57  0.142 
58  0.216 
59  0.158 
60  0.065 
61  0.274 
62  2.099 
63  2.85 
64  3.632 
65  6.071 
66  16.102 
67  10.938 
68  3.505 
69  0.801 
70  0.139 
71  0.05 
72  0.047 
73  0.136 
74  0.209 
75  0.269 
76  0.216 
77  0.238 
78  0.268 
79  0.418 
80  1.193 
81  1.456 
82  0.797 
83  0.946 
84  0.781 
85  0.488 
86  0.318 
87  0.196 
88  0.251 
89  0.299 
90  0.154 
91  0.125 
92  0.25 
93  0.275 
94  0.195 
95  0.238 
96  0.401 
97  0.672 
98  0.515 
99  0.295 
100  0.479 
101  0.966 
102  0.813 
103  0.315 
104  0.135 
105  0.057 
106  0.625 
107  0.596 
108  0.192 
109  0.144 
110  0.07 
111  0.109 
112  0.046 
113  0.034 
114  0.042 
115  0.035 
116  0.008 
117  0.011 
118  0.007 
119  0.003 
120  0.003 
121  0.004 
122  0.004 
123  0.005 
124  0.005 
125  0.004 
126  0.005 
127  0.006 
128  0.01 
129  0.008 
130  0.013 
131  0.065 
132  0.128 
133  0.304 
134  0.641 
135  0.714 
136  0.464 
137  0.322 
138  0.749 
139  0.967 
140  1.967 
141  1.675 
142  0.576 
143  0.216 
144  0.044 
145  0.139 
146  0.123 
147  0.145 
148  0.049 
149  0.061 
150  0.075 
151  0.927 
152  1.659 
153  5.643 
