1  0.188 
2  0.155 
3  0.085 
4  0.09 
5  0.105 
6  0.081 
7  0.294 
8  0.414 
9  0.448 
10  0.194 
11  0.207 
12  0.196 
13  0.04 
14  0.05 
15  0.172 
16  0.081 
17  0.073 
18  0.225 
19  0.388 
20  0.403 
21  0.486 
22  0.687 
23  1.202 
24  1.107 
25  0.733 
26  0.856 
27  0.972 
28  0.797 
29  1.103 
30  0.784 
31  0.419 
32  0.619 
33  0.599 
34  0.24 
35  0.281 
36  0.453 
37  0.223 
38  0.063 
39  0.171 
40  0.108 
41  0.006 
42  0.011 
43  0.016 
44  0.017 
45  0.04 
46  0.126 
47  0.358 
48  0.933 
49  0.83 
50  0.456 
51  0.121 
52  0.019 
53  0.057 
54  0.021 
55  0.002 
56  0.001 
57  0.017 
58  0.013 
59  0.065 
60  0.208 
61  0.856 
62  1.69 
63  3.117 
64  2.756 
65  4.059 
66  6.012 
67  5.191 
68  3.295 
69  1.311 
70  0.544 
71  0.123 
72  0.098 
73  0.038 
74  0.008 
75  0.027 
76  0.004 
77  0.059 
78  0.071 
79  0.242 
80  0.507 
81  0.652 
82  0.368 
83  0.225 
84  0.135 
85  0.156 
86  0.05 
87  0.017 
88  0.008 
89  0.005 
90  0.001 
91  0.002 
92  0.0 
93  0.007 
94  0.035 
95  0.014 
96  0.052 
97  0.195 
98  0.173 
99  0.198 
100  0.5 
101  0.544 
102  0.384 
103  0.515 
104  0.751 
105  0.671 
106  0.887 
107  0.218 
108  0.015 
109  0.058 
110  0.238 
111  0.176 
112  0.144 
113  0.042 
114  0.155 
115  0.194 
116  0.097 
117  0.052 
118  0.099 
119  0.135 
120  0.184 
121  0.175 
122  0.189 
123  0.258 
124  0.374 
125  0.373 
126  0.309 
127  0.313 
128  0.423 
129  0.437 
130  0.663 
131  0.958 
132  0.918 
133  1.787 
134  2.875 
135  2.721 
136  1.975 
137  1.377 
138  2.632 
139  3.123 
140  7.039 
141  5.512 
142  1.88 
143  0.612 
144  0.192 
145  0.545 
146  0.812 
147  0.627 
148  0.41 
149  0.233 
150  0.199 
151  0.043 
152  0.66 
153  1.888 
