1  0.562 
2  0.393 
3  0.24 
4  0.192 
5  0.155 
6  0.072 
7  0.214 
8  0.31 
9  0.147 
10  0.03 
11  0.134 
12  0.199 
13  0.111 
14  0.112 
15  0.328 
16  0.393 
17  0.307 
18  0.393 
19  0.719 
20  0.79 
21  0.6 
22  0.587 
23  0.774 
24  0.624 
25  0.837 
26  0.829 
27  0.938 
28  0.561 
29  0.899 
30  0.873 
31  0.456 
32  0.616 
33  0.933 
34  0.508 
35  0.469 
36  0.947 
37  0.912 
38  0.466 
39  0.491 
40  0.323 
41  0.083 
42  0.03 
43  0.024 
44  0.022 
45  0.126 
46  0.19 
47  0.483 
48  0.889 
49  0.649 
50  0.27 
51  0.156 
52  0.095 
53  0.24 
54  0.123 
55  0.031 
56  0.011 
57  0.027 
58  0.027 
59  0.097 
60  0.119 
61  0.288 
62  0.61 
63  1.005 
64  0.754 
65  1.0 
66  1.403 
67  0.985 
68  0.524 
69  0.233 
70  0.138 
71  0.05 
72  0.08 
73  0.049 
74  0.111 
75  0.086 
76  0.072 
77  0.192 
78  0.271 
79  0.521 
80  0.846 
81  0.996 
82  0.681 
83  0.554 
84  0.521 
85  0.501 
86  0.3 
87  0.184 
88  0.093 
89  0.079 
90  0.087 
91  0.037 
92  0.033 
93  0.075 
94  0.06 
95  0.033 
96  0.057 
97  0.164 
98  0.137 
99  0.035 
100  0.076 
101  0.282 
102  0.323 
103  0.152 
104  0.036 
105  0.017 
106  0.171 
107  0.212 
108  0.173 
109  0.104 
110  0.131 
111  0.102 
112  0.181 
113  0.898 
114  1.228 
115  1.426 
116  0.948 
117  1.029 
118  0.898 
119  0.349 
120  0.265 
121  0.552 
122  0.412 
123  0.163 
124  0.232 
125  0.61 
126  0.662 
127  0.381 
128  0.46 
129  0.19 
130  0.174 
131  0.072 
132  0.177 
133  0.131 
134  0.274 
135  1.113 
136  2.37 
137  4.446 
138  3.393 
139  4.265 
140  7.997 
141  9.078 
142  7.107 
143  4.297 
144  1.949 
145  0.618 
146  0.104 
147  0.099 
148  0.052 
149  0.174 
150  0.284 
151  0.545 
152  0.467 
153  1.169 
