1  2.234 
2  1.442 
3  0.752 
4  0.487 
5  0.234 
6  0.14 
7  0.183 
8  0.158 
9  0.348 
10  0.552 
11  0.289 
12  0.13 
13  0.303 
14  0.45 
15  0.269 
16  0.208 
17  0.493 
18  0.603 
19  0.387 
20  0.387 
21  0.728 
22  0.785 
23  0.452 
24  0.427 
25  0.326 
26  0.292 
27  0.927 
28  0.902 
29  1.202 
30  0.923 
31  1.147 
32  0.777 
33  0.509 
34  0.709 
35  0.764 
36  0.396 
37  0.469 
38  0.75 
39  0.503 
40  0.479 
41  0.29 
42  0.116 
43  0.075 
44  0.039 
45  0.006 
46  0.105 
47  0.272 
48  0.693 
49  1.048 
50  0.519 
51  0.451 
52  0.194 
53  0.318 
54  0.126 
55  0.021 
56  0.004 
57  0.033 
58  0.06 
59  0.096 
60  0.178 
61  0.329 
62  0.811 
63  1.097 
64  1.696 
65  1.748 
66  0.9 
67  0.413 
68  0.222 
69  0.05 
70  0.065 
71  0.031 
72  0.076 
73  0.055 
74  0.028 
75  0.111 
76  0.226 
77  0.451 
78  0.743 
79  0.942 
80  0.673 
81  0.571 
82  0.641 
83  0.625 
84  0.413 
85  0.22 
86  0.126 
87  0.157 
88  0.14 
89  0.038 
90  0.056 
91  0.133 
92  0.109 
93  0.062 
94  0.115 
95  0.252 
96  0.201 
97  0.074 
98  0.221 
99  0.439 
100  0.258 
101  0.059 
102  0.108 
103  0.095 
104  0.326 
105  0.294 
106  0.184 
107  0.151 
108  0.094 
109  0.055 
110  0.114 
111  0.64 
112  0.83 
113  1.335 
114  0.853 
115  0.931 
116  1.029 
117  0.48 
118  0.325 
119  0.713 
120  0.74 
121  0.385 
122  0.524 
123  0.995 
124  0.832 
125  0.774 
126  0.354 
127  0.305 
128  0.104 
129  0.249 
130  0.192 
131  0.241 
132  1.025 
133  2.398 
134  3.45 
135  2.317 
136  2.539 
137  5.305 
138  5.868 
139  3.789 
140  4.585 
141  3.314 
142  2.924 
143  1.636 
144  0.477 
145  0.069 
146  0.055 
147  0.07 
148  0.24 
149  0.488 
150  0.686 
151  0.33 
152  0.438 
