1  0.215 
2  0.476 
3  0.111 
4  0.375 
5  0.209 
6  0.345 
7  0.321 
8  0.241 
9  0.515 
10  0.681 
11  1.077 
12  0.564 
13  0.424 
14  0.631 
15  0.419 
16  0.233 
17  0.35 
18  0.498 
19  0.325 
20  0.239 
21  0.384 
22  0.707 
23  0.561 
24  0.294 
25  0.14 
26  0.146 
27  0.075 
28  0.054 
29  0.291 
30  0.208 
31  0.165 
32  0.086 
33  0.035 
34  0.007 
35  0.023 
36  0.005 
37  0.048 
38  0.112 
39  0.12 
40  0.18 
41  0.155 
42  0.114 
43  0.026 
44  0.048 
45  0.088 
46  0.061 
47  0.325 
48  0.565 
49  1.637 
50  1.87 
51  1.71 
52  0.798 
53  0.639 
54  0.252 
55  0.057 
56  0.055 
57  0.098 
58  0.147 
59  0.362 
60  0.296 
61  0.493 
62  0.619 
63  0.722 
64  0.753 
65  0.883 
66  0.624 
67  0.418 
68  0.22 
69  0.111 
70  0.153 
71  0.138 
72  0.192 
73  0.142 
74  0.244 
75  0.407 
76  0.585 
77  1.4 
78  2.806 
79  3.283 
80  1.394 
81  1.829 
82  1.954 
83  0.927 
84  0.871 
85  0.298 
86  0.445 
87  0.689 
88  0.443 
89  0.284 
90  0.418 
91  0.538 
92  0.45 
93  0.36 
94  0.359 
95  0.459 
96  0.432 
97  0.271 
98  0.239 
99  0.323 
100  0.402 
101  0.278 
102  0.577 
103  0.316 
104  0.231 
105  0.04 
106  0.04 
107  0.1 
108  0.186 
109  0.094 
110  0.475 
111  1.215 
112  2.14 
113  3.47 
114  1.334 
115  0.453 
116  0.376 
117  0.273 
118  0.129 
119  0.092 
120  0.143 
121  0.049 
122  0.025 
123  0.132 
124  0.13 
125  0.08 
126  0.035 
127  0.1 
128  0.405 
129  0.801 
130  1.807 
131  2.675 
132  2.562 
133  3.754 
134  1.242 
135  0.282 
136  0.29 
137  0.989 
138  3.035 
139  3.883 
140  4.82 
141  5.341 
142  1.761 
143  2.075 
144  0.833 
145  0.873 
146  0.372 
147  0.078 
148  0.098 
149  0.133 
150  0.033 
151  0.146 
152  0.429 
