1  1.159 
2  0.863 
3  0.363 
4  0.316 
5  0.222 
6  0.201 
7  0.267 
8  0.248 
9  0.551 
10  0.783 
11  0.748 
12  0.308 
13  0.3 
14  0.219 
15  0.04 
16  0.065 
17  0.175 
18  0.094 
19  0.062 
20  0.17 
21  0.374 
22  0.375 
23  0.266 
24  0.398 
25  0.991 
26  1.163 
27  0.733 
28  0.768 
29  1.092 
30  1.101 
31  1.294 
32  0.786 
33  0.582 
34  0.949 
35  0.734 
36  0.336 
37  0.572 
38  0.656 
39  0.218 
40  0.247 
41  0.133 
42  0.016 
43  0.049 
44  0.063 
45  0.047 
46  0.072 
47  0.173 
48  0.355 
49  0.707 
50  0.45 
51  0.239 
52  0.068 
53  0.091 
54  0.022 
55  0.004 
56  0.005 
57  0.031 
58  0.017 
59  0.06 
60  0.336 
61  0.806 
62  2.508 
63  4.052 
64  7.149 
65  7.774 
66  3.725 
67  1.95 
68  0.665 
69  0.163 
70  0.098 
71  0.034 
72  0.019 
73  0.029 
74  0.003 
75  0.016 
76  0.053 
77  0.19 
78  0.319 
79  0.461 
80  0.294 
81  0.191 
82  0.177 
83  0.168 
84  0.092 
85  0.027 
86  0.014 
87  0.003 
88  0.002 
89  0.004 
90  0.003 
91  0.016 
92  0.017 
93  0.01 
94  0.046 
95  0.236 
96  0.268 
97  0.431 
98  0.729 
99  1.263 
100  1.428 
101  1.608 
102  1.736 
103  1.21 
104  0.741 
105  0.174 
106  0.03 
107  0.059 
108  0.166 
109  0.142 
110  0.168 
111  0.093 
112  0.24 
113  0.243 
114  0.143 
115  0.101 
116  0.169 
117  0.158 
118  0.196 
119  0.207 
120  0.179 
121  0.21 
122  0.342 
123  0.325 
124  0.327 
125  0.472 
126  0.394 
127  0.611 
128  0.75 
129  0.865 
130  1.376 
131  2.208 
132  2.338 
133  1.931 
134  1.285 
135  1.996 
136  1.818 
137  3.597 
138  3.815 
139  2.128 
140  1.078 
141  0.379 
142  0.317 
143  0.444 
144  0.565 
145  0.742 
146  0.427 
147  0.27 
148  0.173 
149  0.187 
150  0.078 
151  0.548 
152  1.08 
