1  2.442 
2  1.483 
3  0.664 
4  0.277 
5  0.073 
6  0.042 
7  0.02 
8  0.023 
9  0.065 
10  0.185 
11  0.329 
12  0.157 
13  0.128 
14  0.252 
15  0.117 
16  0.067 
17  0.194 
18  0.139 
19  0.067 
20  0.184 
21  0.257 
22  0.173 
23  0.216 
24  0.336 
25  0.282 
26  0.487 
27  0.388 
28  0.519 
29  0.926 
30  0.715 
31  0.675 
32  0.444 
33  0.212 
34  0.218 
35  0.205 
36  0.111 
37  0.05 
38  0.138 
39  0.199 
40  0.209 
41  0.198 
42  0.2 
43  0.089 
44  0.059 
45  0.037 
46  0.112 
47  0.27 
48  0.73 
49  1.285 
50  0.853 
51  0.433 
52  0.087 
53  0.11 
54  0.103 
55  0.084 
56  0.168 
57  0.158 
58  0.319 
59  0.242 
60  0.612 
61  0.881 
62  3.9 
63  6.772 
64  12.792 
65  10.343 
66  2.592 
67  0.584 
68  0.257 
69  0.019 
70  0.033 
71  0.115 
72  0.174 
73  0.26 
74  0.24 
75  0.254 
76  0.215 
77  0.188 
78  0.503 
79  0.579 
80  0.547 
81  0.741 
82  1.038 
83  0.945 
84  0.753 
85  0.461 
86  0.409 
87  0.385 
88  0.223 
89  0.171 
90  0.188 
91  0.129 
92  0.14 
93  0.147 
94  0.457 
95  0.86 
96  0.755 
97  0.733 
98  1.968 
99  2.76 
100  1.558 
101  1.577 
102  0.391 
103  0.24 
104  1.119 
105  0.826 
106  0.195 
107  0.153 
108  0.049 
109  0.092 
110  0.038 
111  0.057 
112  0.044 
113  0.154 
114  0.061 
115  0.106 
116  0.099 
117  0.068 
118  0.055 
119  0.098 
120  0.095 
121  0.064 
122  0.064 
123  0.084 
124  0.063 
125  0.057 
126  0.045 
127  0.03 
128  0.055 
129  0.136 
130  0.257 
131  0.514 
132  0.688 
133  0.553 
134  0.452 
135  0.821 
136  0.843 
137  1.634 
138  1.959 
139  1.22 
140  0.843 
141  0.281 
142  0.221 
143  0.101 
144  0.115 
145  0.084 
146  0.082 
147  0.033 
148  0.074 
149  0.128 
150  1.6 
151  1.921 
152  3.577 
