1  2.164 
2  1.027 
3  0.574 
4  0.282 
5  0.132 
6  0.077 
7  0.115 
8  0.203 
9  0.719 
10  1.264 
11  1.399 
12  0.644 
13  0.334 
14  0.359 
15  0.315 
16  0.04 
17  0.021 
18  0.218 
19  0.25 
20  0.227 
21  0.506 
22  0.707 
23  0.597 
24  0.572 
25  1.046 
26  1.332 
27  1.289 
28  0.557 
29  0.208 
30  0.517 
31  1.104 
32  0.601 
33  0.35 
34  0.986 
35  1.105 
36  0.507 
37  0.681 
38  0.992 
39  0.526 
40  0.336 
41  0.16 
42  0.218 
43  0.161 
44  0.112 
45  0.068 
46  0.106 
47  0.227 
48  0.563 
49  0.779 
50  0.43 
51  0.478 
52  0.228 
53  0.137 
54  0.095 
55  0.097 
56  0.151 
57  0.194 
58  0.182 
59  0.386 
60  0.471 
61  0.674 
62  0.635 
63  0.38 
64  0.264 
65  0.287 
66  0.196 
67  0.227 
68  0.078 
69  0.058 
70  0.193 
71  0.189 
72  0.346 
73  0.22 
74  0.202 
75  0.178 
76  0.117 
77  0.133 
78  0.137 
79  0.127 
80  0.115 
81  0.14 
82  0.107 
83  0.15 
84  0.133 
85  0.125 
86  0.149 
87  0.159 
88  0.141 
89  0.159 
90  0.189 
91  0.173 
92  0.181 
93  0.218 
94  0.132 
95  0.131 
96  0.204 
97  0.11 
98  0.05 
99  0.156 
100  0.385 
101  0.35 
102  0.65 
103  0.218 
104  0.252 
105  0.157 
106  0.12 
107  0.19 
108  0.608 
109  0.412 
110  0.63 
111  0.444 
112  0.086 
113  0.288 
114  0.81 
115  1.101 
116  1.8 
117  1.232 
118  0.939 
119  1.518 
120  1.576 
121  1.087 
122  1.259 
123  1.764 
124  1.387 
125  1.202 
126  0.885 
127  0.567 
128  0.232 
129  0.125 
130  0.05 
131  0.218 
132  1.14 
133  2.986 
134  4.505 
135  3.926 
136  4.06 
137  7.377 
138  3.02 
139  1.619 
140  1.809 
141  2.146 
142  2.411 
143  1.171 
144  0.395 
145  0.097 
146  0.116 
147  0.325 
148  0.332 
149  0.632 
150  0.558 
151  0.367 
152  0.778 
