1  2.047 
2  1.684 
3  0.939 
4  0.755 
5  0.433 
6  0.321 
7  0.297 
8  0.079 
9  0.116 
10  0.216 
11  0.683 
12  0.345 
13  0.183 
14  0.566 
15  0.31 
16  0.11 
17  0.38 
18  0.384 
19  0.132 
20  0.272 
21  0.425 
22  0.359 
23  0.316 
24  0.414 
25  0.304 
26  0.218 
27  0.583 
28  1.447 
29  3.01 
30  2.088 
31  2.01 
32  1.265 
33  0.443 
34  0.416 
35  0.566 
36  0.274 
37  0.083 
38  0.372 
39  0.602 
40  0.574 
41  0.522 
42  0.462 
43  0.272 
44  0.185 
45  0.079 
46  0.137 
47  0.373 
48  0.612 
49  1.465 
50  1.3 
51  0.803 
52  0.292 
53  0.08 
54  0.023 
55  0.057 
56  0.232 
57  0.294 
58  0.441 
59  0.69 
60  0.259 
61  0.111 
62  0.478 
63  2.691 
64  9.857 
65  9.956 
66  3.495 
67  0.974 
68  0.038 
69  0.088 
70  0.18 
71  0.278 
72  0.318 
73  0.236 
74  0.263 
75  0.222 
76  0.153 
77  0.258 
78  0.579 
79  0.494 
80  0.158 
81  0.417 
82  0.697 
83  0.385 
84  0.614 
85  0.335 
86  0.397 
87  0.54 
88  0.457 
89  0.386 
90  0.36 
91  0.326 
92  0.333 
93  0.185 
94  0.101 
95  0.201 
96  0.151 
97  0.06 
98  0.149 
99  0.412 
100  0.35 
101  0.345 
102  0.347 
103  0.305 
104  0.207 
105  0.016 
106  0.07 
107  0.147 
108  0.146 
109  0.198 
110  0.097 
111  0.114 
112  0.513 
113  0.606 
114  0.258 
115  0.091 
116  0.134 
117  0.075 
118  0.046 
119  0.064 
120  0.081 
121  0.031 
122  0.031 
123  0.06 
124  0.023 
125  0.016 
126  0.017 
127  0.12 
128  0.245 
129  0.286 
130  1.216 
131  2.546 
132  3.103 
133  3.09 
134  1.214 
135  1.587 
136  0.884 
137  1.771 
138  1.934 
139  1.106 
140  0.919 
141  0.761 
142  0.083 
143  0.769 
144  0.61 
145  0.637 
146  0.367 
147  0.064 
148  0.025 
149  0.004 
150  0.017 
151  0.077 
152  0.242 
