1  0.876 
2  0.983 
3  0.82 
4  0.659 
5  0.451 
6  0.264 
7  0.314 
8  0.369 
9  0.202 
10  0.158 
11  0.08 
12  0.078 
13  0.063 
14  0.113 
15  0.371 
16  0.599 
17  0.642 
18  0.327 
19  0.375 
20  0.293 
21  0.128 
22  0.078 
23  0.14 
24  0.029 
25  0.004 
26  0.088 
27  0.15 
28  0.154 
29  0.164 
30  0.303 
31  0.935 
32  1.049 
33  0.681 
34  0.9 
35  1.186 
36  1.11 
37  1.477 
38  0.993 
39  0.586 
40  0.877 
41  0.755 
42  0.311 
43  0.308 
44  0.561 
45  0.383 
46  0.031 
47  0.148 
48  0.096 
49  0.071 
50  0.019 
51  0.009 
52  0.025 
53  0.042 
54  0.149 
55  0.32 
56  0.661 
57  0.516 
58  0.232 
59  0.085 
60  0.063 
61  0.016 
62  0.004 
63  0.022 
64  0.051 
65  0.099 
66  0.262 
67  0.583 
68  1.031 
69  1.084 
70  0.67 
71  1.438 
72  1.815 
73  1.406 
74  2.605 
75  3.115 
76  3.233 
77  1.546 
78  1.62 
79  1.565 
80  0.731 
81  0.458 
82  1.319 
83  1.05 
84  0.218 
85  0.159 
86  0.158 
87  0.815 
88  0.985 
89  0.366 
90  0.427 
91  0.187 
92  0.138 
93  0.104 
94  0.057 
95  0.056 
96  0.038 
97  0.013 
98  0.021 
99  0.033 
100  0.064 
101  0.142 
102  0.254 
103  0.173 
104  0.174 
105  0.266 
106  0.242 
107  0.144 
108  0.053 
109  0.058 
110  0.084 
111  0.041 
112  0.026 
113  0.066 
114  0.145 
115  0.121 
116  0.127 
117  0.267 
118  0.539 
119  0.527 
120  0.542 
121  0.99 
122  1.453 
123  1.37 
124  1.138 
125  1.244 
126  1.266 
127  0.765 
128  0.405 
129  0.134 
130  0.05 
131  0.045 
132  0.012 
133  0.035 
134  0.067 
135  0.043 
136  0.022 
137  0.137 
138  0.216 
139  0.059 
140  0.009 
141  0.033 
142  0.042 
143  0.048 
144  0.042 
145  0.069 
146  0.095 
147  0.156 
148  0.164 
149  0.208 
150  0.307 
151  0.246 
152  0.35 
153  0.553 
154  0.594 
155  1.122 
156  1.253 
157  0.917 
158  0.485 
159  0.287 
160  0.677 
161  0.867 
162  2.108 
163  2.178 
164  5.009 
165  6.493 
166  3.639 
167  1.214 
168  0.328 
169  0.034 
170  0.144 
171  0.348 
172  0.283 
173  0.16 
174  0.128 
175  0.177 
176  0.306 
177  0.443 
178  0.748 
179  0.633 
180  0.244 
