1  3.151 
2  3.386 
3  2.782 
4  2.175 
5  1.532 
6  0.923 
7  1.079 
8  1.262 
9  0.556 
10  0.369 
11  0.069 
12  0.028 
13  0.012 
14  0.066 
15  0.188 
16  0.263 
17  0.367 
18  0.268 
19  0.308 
20  0.427 
21  0.337 
22  0.267 
23  0.362 
24  0.413 
25  0.32 
26  0.329 
27  0.446 
28  0.463 
29  0.365 
30  0.368 
31  0.521 
32  0.453 
33  0.182 
34  0.115 
35  0.072 
36  0.093 
37  0.062 
38  0.054 
39  0.119 
40  0.118 
41  0.08 
42  0.093 
43  0.126 
44  0.13 
45  0.118 
46  0.15 
47  0.119 
48  0.115 
49  0.11 
50  0.08 
51  0.035 
52  0.025 
53  0.078 
54  0.187 
55  0.784 
56  1.976 
57  0.881 
58  0.2 
59  0.063 
60  0.211 
61  0.153 
62  0.114 
63  0.141 
64  0.156 
65  0.164 
66  0.149 
67  0.158 
68  0.208 
69  0.242 
70  0.266 
71  0.571 
72  0.501 
73  0.248 
74  0.191 
75  0.104 
76  0.045 
77  0.049 
78  0.109 
79  0.144 
80  0.068 
81  0.199 
82  0.452 
83  1.047 
84  1.097 
85  2.454 
86  1.388 
87  1.393 
88  0.553 
89  0.224 
90  0.112 
91  0.077 
92  0.088 
93  0.128 
94  0.179 
95  0.248 
96  0.293 
97  0.262 
98  0.286 
99  0.261 
100  0.294 
101  0.829 
102  1.158 
103  0.841 
104  1.005 
105  1.443 
106  1.18 
107  0.662 
108  0.339 
109  0.389 
110  0.347 
111  0.14 
112  0.132 
113  0.228 
114  0.164 
115  0.13 
116  0.183 
117  0.257 
118  0.336 
119  0.286 
120  0.247 
121  0.394 
122  0.488 
123  0.304 
124  0.169 
125  0.266 
126  0.126 
127  0.079 
128  0.085 
129  0.154 
130  0.075 
131  0.061 
132  0.061 
133  0.08 
134  0.102 
135  0.157 
136  0.375 
137  0.329 
138  0.316 
139  0.323 
140  0.241 
141  0.367 
142  0.194 
143  0.097 
144  0.2 
145  0.229 
146  0.111 
147  0.13 
148  0.267 
149  0.205 
150  0.171 
151  0.054 
152  0.096 
153  0.067 
154  0.128 
155  0.201 
156  0.322 
157  0.565 
158  0.738 
159  1.691 
160  1.451 
161  1.76 
162  2.778 
163  2.245 
164  3.586 
165  7.198 
166  6.653 
167  3.701 
168  1.794 
169  0.662 
170  0.324 
171  0.142 
172  0.091 
173  0.056 
174  0.051 
175  0.064 
176  0.172 
177  0.261 
178  0.492 
179  0.711 
180  0.452 
