1  4.362 
2  4.513 
3  4.515 
4  2.717 
5  1.316 
6  0.622 
7  0.918 
8  0.326 
9  0.047 
10  0.035 
11  0.025 
12  0.11 
13  0.064 
14  0.032 
15  0.027 
16  0.118 
17  0.188 
18  0.159 
19  0.44 
20  0.672 
21  0.324 
22  0.158 
23  0.504 
24  0.438 
25  0.084 
26  0.072 
27  0.156 
28  0.055 
29  0.023 
30  0.085 
31  0.072 
32  0.558 
33  1.915 
34  3.068 
35  5.16 
36  3.262 
37  2.839 
38  2.264 
39  0.904 
40  0.721 
41  1.0 
42  0.597 
43  0.205 
44  0.298 
45  1.013 
46  1.365 
47  1.952 
48  0.523 
49  0.251 
50  0.075 
51  0.08 
52  0.068 
53  0.039 
54  0.066 
55  0.136 
56  0.418 
57  0.456 
58  0.171 
59  0.095 
60  0.065 
61  0.059 
62  0.06 
63  0.058 
64  0.056 
65  0.043 
66  0.096 
67  0.092 
68  0.408 
69  0.36 
70  0.106 
71  0.178 
72  0.445 
73  0.343 
74  1.029 
75  1.335 
76  1.68 
77  0.664 
78  0.499 
79  0.578 
80  0.232 
81  0.22 
82  0.716 
83  1.643 
84  1.174 
85  1.235 
86  1.361 
87  1.169 
88  1.234 
89  0.465 
90  0.299 
91  0.144 
92  0.125 
93  0.121 
94  0.049 
95  0.082 
96  0.056 
97  0.069 
98  0.079 
99  0.092 
100  0.158 
101  0.706 
102  0.913 
103  0.323 
104  0.158 
105  0.012 
106  0.045 
107  0.012 
108  0.009 
109  0.021 
110  0.018 
111  0.009 
112  0.019 
113  0.02 
114  0.012 
115  0.033 
116  0.043 
117  0.029 
118  0.042 
119  0.13 
120  0.147 
121  0.125 
122  0.158 
123  0.253 
124  0.31 
125  0.262 
126  0.309 
127  0.438 
128  0.313 
129  0.272 
130  0.145 
131  0.164 
132  0.151 
133  0.251 
134  0.26 
135  0.316 
136  0.231 
137  0.087 
138  0.296 
139  0.578 
140  0.636 
141  0.833 
142  0.707 
143  0.627 
144  0.738 
145  0.746 
146  0.621 
147  0.658 
148  0.788 
149  0.683 
150  0.539 
151  0.404 
152  0.242 
153  0.173 
154  0.066 
155  0.078 
156  0.104 
157  0.306 
158  0.34 
159  0.712 
160  0.822 
161  0.67 
162  0.694 
163  0.3 
164  0.645 
165  1.915 
166  1.42 
167  0.711 
168  0.388 
169  0.258 
170  0.236 
171  0.194 
172  0.174 
173  0.204 
174  0.143 
175  0.167 
176  0.211 
177  0.354 
178  0.54 
179  0.481 
180  0.3 
