1  1.24 
2  2.276 
3  2.282 
4  3.508 
5  1.837 
6  1.795 
7  3.999 
8  3.424 
9  1.521 
10  1.26 
11  0.486 
12  0.142 
13  0.078 
14  0.036 
15  0.032 
16  0.066 
17  0.039 
18  0.01 
19  0.04 
20  0.026 
21  0.005 
22  0.024 
23  0.069 
24  0.088 
25  0.135 
26  0.187 
27  0.351 
28  0.423 
29  0.3 
30  0.319 
31  0.58 
32  0.79 
33  0.878 
34  0.263 
35  0.164 
36  0.16 
37  0.369 
38  0.305 
39  0.171 
40  0.203 
41  0.258 
42  0.178 
43  0.095 
44  0.098 
45  0.133 
46  0.095 
47  0.19 
48  0.141 
49  0.127 
50  0.14 
51  0.104 
52  0.052 
53  0.213 
54  0.47 
55  1.175 
56  3.979 
57  1.983 
58  1.135 
59  0.358 
60  0.131 
61  0.081 
62  0.117 
63  0.151 
64  0.169 
65  0.095 
66  0.026 
67  0.159 
68  0.461 
69  0.446 
70  0.278 
71  0.495 
72  0.918 
73  1.052 
74  2.703 
75  3.475 
76  3.759 
77  1.713 
78  1.638 
79  1.499 
80  0.869 
81  0.531 
82  1.019 
83  1.15 
84  0.476 
85  0.34 
86  0.399 
87  0.319 
88  0.413 
89  0.189 
90  0.187 
91  0.119 
92  0.053 
93  0.008 
94  0.069 
95  0.096 
96  0.162 
97  0.217 
98  0.194 
99  0.266 
100  0.412 
101  1.099 
102  1.087 
103  0.211 
104  0.567 
105  1.049 
106  0.654 
107  1.113 
108  0.477 
109  0.532 
110  0.68 
111  0.421 
112  0.236 
113  0.251 
114  0.199 
115  0.097 
116  0.044 
117  0.03 
118  0.066 
119  0.035 
120  0.042 
121  0.102 
122  0.121 
123  0.111 
124  0.159 
125  0.188 
126  0.309 
127  0.246 
128  0.163 
129  0.115 
130  0.099 
131  0.081 
132  0.113 
133  0.049 
134  0.09 
135  0.1 
136  0.201 
137  0.327 
138  0.171 
139  0.139 
140  0.14 
141  0.096 
142  0.092 
143  0.113 
144  0.129 
145  0.156 
146  0.132 
147  0.08 
148  0.16 
149  0.229 
150  0.146 
151  0.131 
152  0.095 
153  0.072 
154  0.142 
155  0.117 
156  0.98 
157  1.208 
158  2.17 
159  1.931 
160  1.556 
161  1.029 
162  1.218 
163  0.542 
164  1.488 
165  1.572 
166  0.63 
167  0.959 
168  0.616 
169  0.845 
170  0.398 
171  0.216 
172  0.074 
173  0.101 
174  0.146 
175  0.24 
176  0.125 
177  0.104 
178  0.129 
179  0.152 
180  0.115 
