1  4.385 
2  2.401 
3  2.466 
4  0.498 
5  0.12 
6  0.373 
7  0.936 
8  0.801 
9  0.489 
10  1.204 
11  0.677 
12  0.701 
13  0.301 
14  0.128 
15  0.26 
16  0.285 
17  0.651 
18  0.34 
19  0.348 
20  0.622 
21  0.39 
22  0.213 
23  0.419 
24  0.465 
25  0.28 
26  0.301 
27  0.457 
28  0.546 
29  0.452 
30  0.309 
31  0.233 
32  0.124 
33  0.152 
34  0.466 
35  0.756 
36  0.488 
37  0.346 
38  0.279 
39  0.152 
40  0.074 
41  0.056 
42  0.035 
43  0.01 
44  0.027 
45  0.11 
46  0.251 
47  0.415 
48  0.203 
49  0.185 
50  0.121 
51  0.15 
52  0.088 
53  0.159 
54  0.496 
55  0.952 
56  4.8 
57  3.1 
58  1.506 
59  0.502 
60  0.255 
61  0.047 
62  0.013 
63  0.119 
64  0.14 
65  0.168 
66  0.271 
67  0.134 
68  0.246 
69  0.114 
70  0.01 
71  0.014 
72  0.258 
73  0.432 
74  1.192 
75  1.598 
76  2.054 
77  1.233 
78  0.928 
79  1.187 
80  0.927 
81  0.603 
82  1.599 
83  3.162 
84  2.1 
85  2.634 
86  2.363 
87  2.079 
88  1.546 
89  0.558 
90  0.126 
91  0.019 
92  0.07 
93  0.121 
94  0.14 
95  0.177 
96  0.123 
97  0.178 
98  0.155 
99  0.342 
100  0.775 
101  1.887 
102  1.973 
103  0.74 
104  1.362 
105  1.901 
106  1.052 
107  1.263 
108  0.502 
109  0.61 
110  0.951 
111  0.763 
112  0.554 
113  0.665 
114  0.811 
115  0.729 
116  0.541 
117  0.407 
118  0.582 
119  0.643 
120  0.301 
121  0.27 
122  0.677 
123  0.81 
124  0.494 
125  0.302 
126  0.505 
127  0.5 
128  0.14 
129  0.093 
130  0.026 
131  0.056 
132  0.111 
133  0.122 
134  0.135 
135  0.115 
136  0.091 
137  0.086 
138  0.089 
139  0.074 
140  0.093 
141  0.146 
142  0.13 
143  0.113 
144  0.215 
145  0.253 
146  0.214 
147  0.26 
148  0.353 
149  0.282 
150  0.255 
151  0.203 
152  0.239 
153  0.236 
154  0.177 
155  0.137 
156  0.064 
157  0.006 
158  0.002 
159  0.042 
160  0.064 
161  0.139 
162  0.309 
163  0.398 
164  0.801 
165  0.809 
166  0.692 
167  0.217 
168  0.14 
169  0.06 
170  0.077 
171  0.114 
172  0.136 
173  0.191 
174  0.159 
175  0.176 
176  0.106 
177  0.039 
178  0.144 
179  0.334 
180  0.272 
