1  1.696 
2  2.079 
3  2.033 
4  2.071 
5  1.326 
6  0.988 
7  1.612 
8  1.321 
9  0.647 
10  0.461 
11  0.29 
12  0.19 
13  0.21 
14  0.137 
15  0.219 
16  0.353 
17  0.152 
18  0.1 
19  0.332 
20  0.443 
21  0.251 
22  0.196 
23  0.463 
24  0.533 
25  0.27 
26  0.284 
27  0.58 
28  0.477 
29  0.198 
30  0.28 
31  0.343 
32  0.5 
33  1.368 
34  1.092 
35  1.526 
36  1.087 
37  1.239 
38  1.018 
39  0.58 
40  0.669 
41  0.876 
42  0.495 
43  0.352 
44  0.599 
45  0.999 
46  1.101 
47  1.147 
48  0.49 
49  0.324 
50  0.173 
51  0.124 
52  0.036 
53  0.111 
54  0.185 
55  0.504 
56  0.922 
57  0.377 
58  0.277 
59  0.097 
60  0.155 
61  0.026 
62  0.007 
63  0.044 
64  0.062 
65  0.093 
66  0.052 
67  0.014 
68  0.156 
69  0.394 
70  0.549 
71  1.014 
72  0.762 
73  0.534 
74  1.045 
75  1.533 
76  1.029 
77  0.499 
78  0.935 
79  0.833 
80  0.375 
81  0.896 
82  1.605 
83  2.38 
84  2.344 
85  4.014 
86  2.482 
87  2.156 
88  0.921 
89  0.591 
90  0.243 
91  0.092 
92  0.002 
93  0.017 
94  0.047 
95  0.044 
96  0.033 
97  0.027 
98  0.009 
99  0.042 
100  0.223 
101  0.453 
102  0.7 
103  0.447 
104  0.226 
105  0.234 
106  0.366 
107  0.213 
108  0.075 
109  0.034 
110  0.115 
111  0.09 
112  0.055 
113  0.091 
114  0.124 
115  0.111 
116  0.111 
117  0.181 
118  0.333 
119  0.283 
120  0.166 
121  0.409 
122  0.553 
123  0.247 
124  0.062 
125  0.229 
126  0.258 
127  0.325 
128  0.18 
129  0.409 
130  0.148 
131  0.029 
132  0.009 
133  0.046 
134  0.141 
135  0.238 
136  0.449 
137  0.669 
138  0.757 
139  0.635 
140  0.678 
141  0.742 
142  0.445 
143  0.412 
144  0.58 
145  0.483 
146  0.294 
147  0.388 
148  0.571 
149  0.403 
150  0.336 
151  0.173 
152  0.135 
153  0.125 
154  0.039 
155  0.099 
156  0.804 
157  0.993 
158  1.823 
159  1.463 
160  0.879 
161  0.474 
162  0.368 
163  0.02 
164  0.242 
165  0.199 
166  0.48 
167  0.981 
168  0.846 
169  0.975 
170  0.493 
171  0.304 
172  0.1 
173  0.065 
174  0.019 
175  0.142 
176  0.457 
177  0.677 
178  1.188 
179  1.719 
180  1.1 
