1  1.385 
2  0.627 
3  0.393 
4  0.179 
5  0.19 
6  0.188 
7  0.216 
8  0.556 
9  0.668 
10  0.543 
11  0.63 
12  0.539 
13  0.193 
14  0.324 
15  0.345 
16  0.094 
17  0.127 
18  0.425 
19  0.383 
20  0.297 
21  0.543 
22  0.956 
23  0.966 
24  1.273 
25  1.648 
26  1.787 
27  1.901 
28  1.843 
29  1.279 
30  1.723 
31  1.718 
32  0.983 
33  1.012 
34  1.369 
35  0.833 
36  0.506 
37  0.935 
38  0.857 
39  0.376 
40  0.447 
41  0.332 
42  0.088 
43  0.099 
44  0.138 
45  0.118 
46  0.074 
47  0.02 
48  0.01 
49  0.082 
50  0.168 
51  0.485 
52  0.893 
53  0.805 
54  0.356 
55  0.236 
56  0.124 
57  0.038 
58  0.158 
59  0.081 
60  0.038 
61  0.033 
62  0.067 
63  0.046 
64  0.095 
65  0.106 
66  0.159 
67  0.311 
68  0.282 
69  0.3 
70  0.268 
71  0.273 
72  0.116 
73  0.079 
74  0.055 
75  0.043 
76  0.121 
77  0.19 
78  0.139 
79  0.286 
80  0.258 
81  0.404 
82  0.869 
83  1.02 
84  0.828 
85  0.833 
86  0.974 
87  0.895 
88  0.552 
89  0.313 
90  0.23 
91  0.211 
92  0.156 
93  0.053 
94  0.043 
95  0.046 
96  0.022 
97  0.001 
98  0.005 
99  0.012 
100  0.012 
101  0.01 
102  0.001 
103  0.025 
104  0.072 
105  0.068 
106  0.026 
107  0.078 
108  0.154 
109  0.122 
110  0.074 
111  0.055 
112  0.021 
113  0.011 
114  0.057 
115  0.206 
116  0.224 
117  0.229 
118  0.15 
119  0.288 
120  0.262 
121  0.139 
122  0.246 
123  0.348 
124  0.195 
125  0.229 
126  0.152 
127  0.233 
128  0.184 
129  0.173 
130  0.087 
131  0.026 
132  0.035 
133  0.1 
134  0.097 
135  0.293 
136  0.463 
137  0.737 
138  3.61 
139  4.008 
140  6.435 
141  4.339 
142  4.373 
143  4.552 
144  4.285 
145  3.684 
146  3.357 
147  3.22 
148  2.829 
149  1.885 
150  0.387 
151  0.189 
152  0.048 
153  0.066 
154  0.102 
155  0.135 
156  0.196 
157  0.126 
