1  0.946 
2  0.421 
3  0.326 
4  0.157 
5  0.133 
6  0.137 
7  0.048 
8  0.102 
9  0.259 
10  0.181 
11  0.081 
12  0.279 
13  0.184 
14  0.133 
15  0.389 
16  0.355 
17  0.175 
18  0.363 
19  0.525 
20  0.272 
21  0.321 
22  0.67 
23  0.634 
24  0.535 
25  0.859 
26  1.297 
27  1.855 
28  1.84 
29  1.121 
30  0.929 
31  1.033 
32  0.556 
33  0.251 
34  0.318 
35  0.375 
36  0.1 
37  0.082 
38  0.326 
39  0.235 
40  0.374 
41  0.349 
42  0.261 
43  0.254 
44  0.274 
45  0.207 
46  0.153 
47  0.091 
48  0.02 
49  0.033 
50  0.15 
51  0.453 
52  0.835 
53  1.158 
54  0.678 
55  0.89 
56  0.526 
57  0.169 
58  0.071 
59  0.039 
60  0.035 
61  0.122 
62  0.149 
63  0.144 
64  0.159 
65  0.101 
66  0.062 
67  0.029 
68  0.083 
69  0.034 
70  0.037 
71  0.035 
72  0.023 
73  0.024 
74  0.043 
75  0.117 
76  0.15 
77  0.114 
78  0.167 
79  0.143 
80  0.154 
81  0.259 
82  0.721 
83  0.667 
84  0.155 
85  0.303 
86  0.347 
87  0.165 
88  0.2 
89  0.109 
90  0.173 
91  0.23 
92  0.153 
93  0.127 
94  0.132 
95  0.143 
96  0.129 
97  0.092 
98  0.041 
99  0.095 
100  0.134 
101  0.071 
102  0.098 
103  0.212 
104  0.249 
105  0.133 
106  0.125 
107  0.047 
108  0.067 
109  0.057 
110  0.028 
111  0.028 
112  0.073 
113  0.653 
114  1.163 
115  2.382 
116  1.431 
117  0.969 
118  0.353 
119  0.438 
120  0.64 
121  0.207 
122  0.16 
123  0.578 
124  0.468 
125  0.282 
126  0.047 
127  0.114 
128  0.338 
129  0.846 
130  1.943 
131  1.862 
132  1.073 
133  0.849 
134  0.376 
135  0.264 
136  0.034 
137  0.482 
138  0.789 
139  0.12 
140  0.019 
141  1.598 
142  3.27 
143  2.705 
144  6.086 
145  5.789 
146  3.607 
147  6.995 
148  7.754 
149  4.887 
150  2.585 
151  1.265 
152  0.704 
153  0.144 
154  0.091 
155  0.164 
156  0.112 
157  0.088 
