1  0.254 
2  0.138 
3  0.09 
4  0.04 
5  0.025 
6  0.01 
7  0.016 
8  0.007 
9  0.01 
10  0.02 
11  0.019 
12  0.03 
13  0.038 
14  0.035 
15  0.049 
16  0.069 
17  0.055 
18  0.063 
19  0.084 
20  0.093 
21  0.09 
22  0.096 
23  0.127 
24  0.154 
25  0.149 
26  0.116 
27  0.087 
28  0.082 
29  0.059 
30  0.055 
31  0.059 
32  0.053 
33  0.04 
34  0.036 
35  0.028 
36  0.023 
37  0.021 
38  0.018 
39  0.01 
40  0.005 
41  0.002 
42  0.005 
43  0.01 
44  0.012 
45  0.009 
46  0.014 
47  0.015 
48  0.035 
49  0.061 
50  0.107 
51  0.185 
52  0.215 
53  0.243 
54  0.169 
55  0.225 
56  0.192 
57  0.12 
58  0.125 
59  0.074 
60  0.046 
61  0.026 
62  0.023 
63  0.012 
64  0.025 
65  0.024 
66  0.027 
67  0.097 
68  0.087 
69  0.033 
70  0.013 
71  0.031 
72  0.028 
73  0.022 
74  0.032 
75  0.02 
76  0.04 
77  0.061 
78  0.047 
79  0.092 
80  0.108 
81  0.18 
82  0.314 
83  0.38 
84  0.259 
85  0.219 
86  0.183 
87  0.153 
88  0.071 
89  0.072 
90  0.051 
91  0.022 
92  0.023 
93  0.018 
94  0.009 
95  0.002 
96  0.005 
97  0.002 
98  0.005 
99  0.009 
100  0.005 
101  0.006 
102  0.017 
103  0.02 
104  0.014 
105  0.011 
106  0.023 
107  0.025 
108  0.046 
109  0.046 
110  0.037 
111  0.05 
112  0.068 
113  0.085 
114  0.136 
115  0.157 
116  0.293 
117  0.225 
118  0.195 
119  0.259 
120  0.181 
121  0.123 
122  0.19 
123  0.2 
124  0.107 
125  0.135 
126  0.119 
127  0.13 
128  0.097 
129  0.071 
130  0.049 
131  0.052 
132  0.052 
133  0.09 
134  0.042 
135  0.081 
136  0.519 
137  5.322 
138  5.418 
139  0.364 
140  1.613 
141  6.946 
142  16.307 
143  17.424 
144  20.119 
145  9.031 
146  3.487 
147  1.383 
148  0.917 
149  0.072 
150  0.05 
151  0.037 
152  0.07 
153  0.081 
154  0.07 
155  0.073 
156  0.074 
157  0.045 
