1  1.116 
2  0.577 
3  0.243 
4  0.178 
5  0.16 
6  0.163 
7  0.056 
8  0.061 
9  0.161 
10  0.133 
11  0.069 
12  0.319 
13  0.118 
14  0.109 
15  0.349 
16  0.128 
17  0.046 
18  0.29 
19  0.21 
20  0.055 
21  0.292 
22  0.538 
23  0.221 
24  0.664 
25  1.376 
26  1.412 
27  2.92 
28  3.1 
29  1.852 
30  2.005 
31  2.003 
32  0.941 
33  0.542 
34  0.574 
35  0.552 
36  0.133 
37  0.058 
38  0.265 
39  0.248 
40  0.419 
41  0.533 
42  0.643 
43  0.553 
44  0.472 
45  0.315 
46  0.196 
47  0.191 
48  0.112 
49  0.151 
50  0.149 
51  0.392 
52  0.634 
53  0.609 
54  0.287 
55  0.296 
56  0.123 
57  0.032 
58  0.111 
59  0.13 
60  0.154 
61  0.185 
62  0.214 
63  0.194 
64  0.242 
65  0.266 
66  0.21 
67  0.434 
68  0.571 
69  0.226 
70  0.186 
71  0.038 
72  0.015 
73  0.061 
74  0.087 
75  0.089 
76  0.121 
77  0.195 
78  0.207 
79  0.288 
80  0.185 
81  0.149 
82  0.361 
83  0.459 
84  0.41 
85  0.447 
86  0.51 
87  0.465 
88  0.302 
89  0.26 
90  0.218 
91  0.159 
92  0.165 
93  0.184 
94  0.119 
95  0.081 
96  0.129 
97  0.12 
98  0.059 
99  0.155 
100  0.216 
101  0.137 
102  0.168 
103  0.37 
104  0.451 
105  0.3 
106  0.236 
107  0.081 
108  0.044 
109  0.007 
110  0.003 
111  0.054 
112  0.212 
113  0.638 
114  1.337 
115  1.56 
116  2.044 
117  1.967 
118  1.317 
119  1.86 
120  1.651 
121  0.898 
122  1.204 
123  1.647 
124  0.894 
125  0.73 
126  0.447 
127  0.424 
128  0.401 
129  0.226 
130  0.707 
131  0.744 
132  0.556 
133  0.399 
134  0.33 
135  0.64 
136  0.883 
137  0.407 
138  2.635 
139  2.282 
140  4.356 
141  2.34 
142  2.474 
143  2.594 
144  1.681 
145  2.208 
146  2.991 
147  3.384 
148  2.697 
149  1.51 
150  1.113 
151  0.76 
152  0.641 
153  0.275 
154  0.076 
155  0.093 
156  0.104 
157  0.089 
