1  0.248 
2  0.131 
3  0.059 
4  0.011 
5  0.006 
6  0.015 
7  0.04 
8  0.059 
9  0.025 
10  0.064 
11  0.133 
12  0.197 
13  0.155 
14  0.182 
15  0.285 
16  0.238 
17  0.158 
18  0.227 
19  0.269 
20  0.168 
21  0.158 
22  0.261 
23  0.26 
24  0.183 
25  0.222 
26  0.35 
27  0.413 
28  0.501 
29  0.42 
30  0.443 
31  0.391 
32  0.269 
33  0.265 
34  0.295 
35  0.202 
36  0.129 
37  0.164 
38  0.168 
39  0.088 
40  0.088 
41  0.074 
42  0.079 
43  0.096 
44  0.088 
45  0.052 
46  0.033 
47  0.013 
48  0.024 
49  0.029 
50  0.095 
51  0.174 
52  0.207 
53  0.269 
54  0.192 
55  0.282 
56  0.223 
57  0.124 
58  0.083 
59  0.034 
60  0.029 
61  0.021 
62  0.032 
63  0.064 
64  0.071 
65  0.085 
66  0.06 
67  0.065 
68  0.101 
69  0.081 
70  0.108 
71  0.089 
72  0.104 
73  0.075 
74  0.073 
75  0.06 
76  0.053 
77  0.047 
78  0.023 
79  0.033 
80  0.035 
81  0.114 
82  0.141 
83  0.19 
84  0.118 
85  0.059 
86  0.037 
87  0.07 
88  0.033 
89  0.026 
90  0.006 
91  0.003 
92  0.006 
93  0.003 
94  0.003 
95  0.004 
96  0.002 
97  0.011 
98  0.017 
99  0.017 
100  0.03 
101  0.042 
102  0.05 
103  0.067 
104  0.072 
105  0.074 
106  0.084 
107  0.056 
108  0.058 
109  0.067 
110  0.065 
111  0.07 
112  0.073 
113  0.107 
114  0.121 
115  0.191 
116  0.161 
117  0.101 
118  0.117 
119  0.106 
120  0.062 
121  0.063 
122  0.098 
123  0.077 
124  0.041 
125  0.058 
126  0.072 
127  0.086 
128  0.11 
129  0.075 
130  0.081 
131  0.046 
132  0.03 
133  0.026 
134  0.206 
135  0.624 
136  1.791 
137  14.561 
138  23.001 
139  14.701 
140  17.044 
141  5.28 
142  2.622 
143  0.303 
144  1.248 
145  1.584 
146  0.201 
147  0.378 
148  0.428 
149  0.307 
150  0.198 
151  0.169 
152  0.096 
153  0.088 
154  0.077 
155  0.071 
156  0.063 
157  0.038 
