1  0.106 
2  0.048 
3  0.027 
4  0.006 
5  0.005 
6  0.003 
7  0.001 
8  0.002 
9  0.016 
10  0.029 
11  0.032 
12  0.072 
13  0.046 
14  0.044 
15  0.084 
16  0.06 
17  0.033 
18  0.061 
19  0.067 
20  0.029 
21  0.04 
22  0.071 
23  0.047 
24  0.042 
25  0.081 
26  0.112 
27  0.207 
28  0.246 
29  0.188 
30  0.195 
31  0.175 
32  0.098 
33  0.077 
34  0.07 
35  0.053 
36  0.02 
37  0.015 
38  0.017 
39  0.007 
40  0.015 
41  0.024 
42  0.031 
43  0.029 
44  0.023 
45  0.011 
46  0.004 
47  0.002 
48  0.001 
49  0.003 
50  0.02 
51  0.053 
52  0.09 
53  0.118 
54  0.08 
55  0.105 
56  0.061 
57  0.027 
58  0.009 
59  0.004 
60  0.003 
61  0.008 
62  0.009 
63  0.011 
64  0.011 
65  0.018 
66  0.011 
67  0.109 
68  0.074 
69  0.013 
70  0.011 
71  0.009 
72  0.005 
73  0.004 
74  0.004 
75  0.007 
76  0.008 
77  0.007 
78  0.012 
79  0.013 
80  0.011 
81  0.02 
82  0.042 
83  0.031 
84  0.007 
85  0.014 
86  0.023 
87  0.011 
88  0.01 
89  0.005 
90  0.007 
91  0.01 
92  0.005 
93  0.004 
94  0.003 
95  0.004 
96  0.004 
97  0.004 
98  0.003 
99  0.01 
100  0.012 
101  0.01 
102  0.017 
103  0.028 
104  0.03 
105  0.019 
106  0.022 
107  0.01 
108  0.011 
109  0.013 
110  0.011 
111  0.009 
112  0.007 
113  0.053 
114  0.108 
115  0.296 
116  0.214 
117  0.128 
118  0.038 
119  0.049 
120  0.079 
121  0.021 
122  0.016 
123  0.072 
124  0.06 
125  0.047 
126  0.017 
127  0.04 
128  0.063 
129  0.146 
130  0.306 
131  0.219 
132  0.036 
133  0.185 
134  0.031 
135  0.065 
136  0.915 
137  10.001 
138  8.014 
139  0.503 
140  9.122 
141  22.665 
142  1.388 
143  7.508 
144  20.04 
145  7.091 
146  1.13 
147  2.166 
148  1.811 
149  0.626 
150  0.336 
151  0.144 
152  0.08 
153  0.027 
154  0.032 
155  0.05 
156  0.022 
157  0.023 
