1  1.496 
2  0.733 
3  0.312 
4  0.099 
5  0.094 
6  0.058 
7  0.124 
8  0.219 
9  0.579 
10  0.321 
11  0.563 
12  1.275 
13  0.716 
14  0.219 
15  0.261 
16  0.08 
17  0.1 
18  0.262 
19  0.387 
20  0.399 
21  0.509 
22  0.404 
23  0.367 
24  0.462 
25  0.49 
26  1.008 
27  1.647 
28  1.037 
29  1.109 
30  0.997 
31  0.391 
32  0.271 
33  0.459 
34  0.397 
35  0.223 
36  0.318 
37  0.608 
38  0.485 
39  0.357 
40  0.375 
41  0.327 
42  0.207 
43  0.152 
44  0.095 
45  0.233 
46  0.426 
47  1.592 
48  3.808 
49  5.497 
50  4.137 
51  1.747 
52  0.866 
53  0.144 
54  0.152 
55  0.11 
56  0.15 
57  0.242 
58  0.238 
59  0.379 
60  0.294 
61  0.212 
62  0.597 
63  1.128 
64  1.6 
65  1.683 
66  4.094 
67  5.487 
68  4.322 
69  2.354 
70  0.662 
71  0.189 
72  0.017 
73  0.067 
74  0.186 
75  0.223 
76  0.277 
77  0.27 
78  0.255 
79  0.216 
80  0.129 
81  0.405 
82  0.397 
83  0.408 
84  0.62 
85  0.819 
86  0.764 
87  0.52 
88  0.397 
89  0.325 
90  0.285 
91  0.232 
92  0.22 
93  0.16 
94  0.112 
95  0.153 
96  0.138 
97  0.202 
98  0.468 
99  0.487 
100  0.68 
101  0.274 
102  0.201 
103  0.511 
104  0.309 
105  0.279 
106  0.774 
107  0.308 
108  0.02 
109  0.014 
110  0.049 
111  0.002 
112  0.002 
113  0.015 
114  0.046 
115  0.04 
116  0.041 
117  0.016 
118  0.012 
119  0.008 
120  0.014 
121  0.033 
122  0.041 
123  0.043 
124  0.057 
125  0.071 
126  0.039 
127  0.037 
128  0.024 
129  0.077 
130  0.072 
131  0.092 
132  0.032 
133  0.003 
134  0.054 
135  0.114 
136  0.226 
137  0.167 
138  0.212 
139  0.43 
140  1.652 
141  1.322 
142  0.97 
143  0.601 
144  0.542 
145  0.4 
146  0.179 
147  0.1 
148  0.3 
149  0.174 
150  0.244 
151  0.195 
152  0.245 
153  0.23 
154  0.098 
155  0.022 
156  0.0 
157  0.004 
158  0.033 
159  0.019 
160  0.02 
161  0.437 
162  0.818 
163  2.201 
164  2.187 
165  0.653 
166  0.653 
167  0.251 
168  0.101 
169  0.066 
170  0.06 
171  0.038 
172  0.147 
173  0.199 
174  0.123 
175  0.162 
176  0.14 
177  0.174 
178  1.564 
179  5.152 
