1  0.298 
2  0.374 
3  0.211 
4  0.228 
5  0.107 
6  0.054 
7  0.078 
8  0.069 
9  0.18 
10  0.174 
11  0.193 
12  0.367 
13  0.334 
14  0.226 
15  0.259 
16  0.332 
17  0.232 
18  0.189 
19  0.333 
20  0.27 
21  0.335 
22  0.113 
23  0.125 
24  0.145 
25  0.187 
26  0.198 
27  0.294 
28  0.181 
29  0.191 
30  0.177 
31  0.072 
32  0.044 
33  0.099 
34  0.056 
35  0.017 
36  0.074 
37  0.137 
38  0.076 
39  0.04 
40  0.065 
41  0.018 
42  0.004 
43  0.03 
44  0.078 
45  0.162 
46  0.383 
47  0.776 
48  1.532 
49  3.043 
50  1.861 
51  0.974 
52  0.77 
53  0.35 
54  0.291 
55  0.137 
56  0.049 
57  0.01 
58  0.018 
59  0.03 
60  0.033 
61  0.029 
62  0.019 
63  0.026 
64  0.459 
65  1.335 
66  2.321 
67  1.689 
68  1.883 
69  0.703 
70  0.28 
71  0.109 
72  0.057 
73  0.054 
74  0.059 
75  0.077 
76  0.062 
77  0.067 
78  0.135 
79  0.178 
80  0.398 
81  0.668 
82  0.776 
83  0.377 
84  0.293 
85  0.141 
86  0.058 
87  0.016 
88  0.03 
89  0.044 
90  0.023 
91  0.004 
92  0.008 
93  0.02 
94  0.016 
95  0.011 
96  0.012 
97  0.017 
98  0.009 
99  0.01 
100  0.022 
101  0.027 
102  0.027 
103  0.04 
104  0.081 
105  0.107 
106  0.201 
107  0.192 
108  0.14 
109  0.125 
110  0.103 
111  0.077 
112  0.205 
113  0.326 
114  0.166 
115  0.388 
116  0.408 
117  0.352 
118  0.574 
119  0.363 
120  0.278 
121  0.508 
122  0.444 
123  0.283 
124  0.436 
125  0.616 
126  0.429 
127  0.446 
128  0.26 
129  0.163 
130  0.02 
131  0.124 
132  0.381 
133  0.4 
134  0.157 
135  0.387 
136  0.597 
137  0.406 
138  1.35 
139  2.062 
140  5.315 
141  3.961 
142  1.014 
143  0.985 
144  1.185 
145  2.444 
146  1.816 
147  3.442 
148  3.21 
149  2.491 
150  2.99 
151  2.161 
152  2.852 
153  1.628 
154  0.609 
155  0.139 
156  0.075 
157  0.018 
158  0.111 
159  0.208 
160  0.318 
161  0.304 
162  0.166 
163  0.172 
164  0.223 
165  0.727 
166  0.449 
167  0.717 
168  0.672 
169  1.866 
170  1.796 
171  1.791 
172  1.16 
173  0.377 
174  0.364 
175  1.199 
176  1.966 
177  1.804 
178  3.084 
179  0.367 
