1  0.785 
2  0.627 
3  0.348 
4  0.235 
5  0.265 
6  0.159 
7  0.299 
8  0.486 
9  0.24 
10  0.101 
11  0.421 
12  0.535 
13  0.407 
14  0.432 
15  0.831 
16  0.843 
17  0.499 
18  0.656 
19  1.203 
20  0.898 
21  0.989 
22  0.484 
23  0.581 
24  0.736 
25  1.089 
26  1.24 
27  1.576 
28  1.213 
29  1.721 
30  1.438 
31  0.821 
32  1.082 
33  1.526 
34  0.918 
35  0.855 
36  1.545 
37  1.57 
38  0.873 
39  0.81 
40  0.666 
41  0.255 
42  0.176 
43  0.101 
44  0.022 
45  0.154 
46  0.309 
47  0.762 
48  1.552 
49  2.163 
50  1.093 
51  0.511 
52  0.482 
53  0.211 
54  0.293 
55  0.096 
56  0.004 
57  0.014 
58  0.077 
59  0.115 
60  0.188 
61  0.112 
62  0.124 
63  0.198 
64  0.426 
65  0.466 
66  0.894 
67  0.687 
68  0.419 
69  0.191 
70  0.116 
71  0.033 
72  0.028 
73  0.038 
74  0.031 
75  0.115 
76  0.085 
77  0.04 
78  0.131 
79  0.197 
80  0.536 
81  0.855 
82  1.087 
83  0.686 
84  0.485 
85  0.411 
86  0.456 
87  0.237 
88  0.129 
89  0.044 
90  0.042 
91  0.059 
92  0.007 
93  0.011 
94  0.054 
95  0.056 
96  0.06 
97  0.087 
98  0.222 
99  0.249 
100  0.317 
101  0.202 
102  0.066 
103  0.097 
104  0.034 
105  0.023 
106  0.093 
107  0.052 
108  0.023 
109  0.021 
110  0.016 
111  0.028 
112  0.048 
113  0.27 
114  0.446 
115  0.691 
116  0.247 
117  0.306 
118  0.221 
119  0.1 
120  0.098 
121  0.167 
122  0.13 
123  0.072 
124  0.111 
125  0.164 
126  0.103 
127  0.109 
128  0.059 
129  0.085 
130  0.111 
131  0.148 
132  0.12 
133  0.015 
134  0.101 
135  0.254 
136  0.943 
137  0.857 
138  1.427 
139  2.373 
140  5.394 
141  4.596 
142  3.136 
143  1.64 
144  0.973 
145  0.333 
146  0.076 
147  0.145 
148  0.662 
149  0.699 
150  1.512 
151  1.456 
152  1.944 
153  1.419 
154  0.519 
155  0.119 
156  0.023 
157  0.015 
158  0.016 
159  0.032 
160  0.054 
161  0.138 
162  0.148 
163  0.334 
164  0.25 
165  0.912 
166  0.963 
167  0.635 
168  0.351 
169  0.448 
170  0.339 
171  0.09 
172  0.27 
173  0.534 
174  1.084 
175  1.821 
176  1.646 
177  1.593 
178  1.607 
179  0.641 
