1  0.027 
2  0.103 
3  0.107 
4  0.211 
5  0.082 
6  0.042 
7  0.12 
8  0.146 
9  0.18 
10  0.104 
11  0.072 
12  0.147 
13  0.149 
14  0.067 
15  0.095 
16  0.207 
17  0.108 
18  0.042 
19  0.107 
20  0.182 
21  0.289 
22  0.208 
23  0.114 
24  0.114 
25  0.052 
26  0.123 
27  0.189 
28  0.178 
29  0.253 
30  0.193 
31  0.102 
32  0.145 
33  0.189 
34  0.114 
35  0.099 
36  0.135 
37  0.131 
38  0.085 
39  0.067 
40  0.067 
41  0.062 
42  0.048 
43  0.032 
44  0.019 
45  0.033 
46  0.185 
47  0.754 
48  1.87 
49  4.909 
50  3.028 
51  1.354 
52  0.759 
53  0.166 
54  0.149 
55  0.049 
56  0.015 
57  0.047 
58  0.072 
59  0.127 
60  0.11 
61  0.068 
62  0.43 
63  0.211 
64  4.299 
65  9.556 
66  19.581 
67  14.297 
68  11.436 
69  3.277 
70  0.92 
71  0.006 
72  0.049 
73  0.067 
74  0.106 
75  0.112 
76  0.1 
77  0.092 
78  0.106 
79  0.153 
80  0.291 
81  0.789 
82  0.884 
83  0.333 
84  0.445 
85  0.382 
86  0.171 
87  0.179 
88  0.088 
89  0.15 
90  0.222 
91  0.168 
92  0.139 
93  0.205 
94  0.291 
95  0.265 
96  0.231 
97  0.313 
98  0.457 
99  0.421 
100  0.43 
101  0.316 
102  0.202 
103  0.275 
104  0.217 
105  0.092 
106  0.017 
107  0.118 
108  0.086 
109  0.055 
110  0.058 
111  0.055 
112  0.058 
113  0.054 
114  0.045 
115  0.041 
116  0.041 
117  0.041 
118  0.025 
119  0.035 
120  0.056 
121  0.049 
122  0.045 
123  0.068 
124  0.099 
125  0.121 
126  0.097 
127  0.091 
128  0.08 
129  0.067 
130  0.084 
131  0.058 
132  0.052 
133  0.058 
134  0.062 
135  0.07 
136  0.105 
137  0.109 
138  0.152 
139  0.193 
140  0.509 
141  0.323 
142  0.147 
143  0.064 
144  0.044 
145  0.055 
146  0.048 
147  0.06 
148  0.074 
149  0.088 
150  0.135 
151  0.116 
152  0.178 
153  0.148 
154  0.095 
155  0.065 
156  0.058 
157  0.06 
158  0.066 
159  0.077 
160  0.109 
161  0.203 
162  0.153 
163  0.198 
164  0.051 
165  0.446 
166  0.413 
167  0.152 
168  0.128 
169  0.124 
170  0.069 
171  0.051 
172  0.051 
173  0.043 
174  0.021 
175  0.017 
176  0.024 
177  0.057 
178  0.384 
179  0.7 
