1  0.467 
2  0.33 
3  0.252 
4  0.188 
5  0.219 
6  0.078 
7  0.221 
8  0.322 
9  0.673 
10  0.283 
11  0.477 
12  0.861 
13  0.307 
14  0.209 
15  0.41 
16  0.344 
17  0.243 
18  0.298 
19  0.515 
20  0.51 
21  0.326 
22  0.152 
23  0.257 
24  0.267 
25  0.314 
26  0.72 
27  1.265 
28  0.758 
29  0.751 
30  0.685 
31  0.225 
32  0.098 
33  0.212 
34  0.242 
35  0.085 
36  0.132 
37  0.399 
38  0.395 
39  0.231 
40  0.321 
41  0.261 
42  0.152 
43  0.143 
44  0.096 
45  0.133 
46  0.131 
47  0.406 
48  1.161 
49  1.512 
50  0.987 
51  0.416 
52  0.117 
53  0.017 
54  0.073 
55  0.11 
56  0.125 
57  0.171 
58  0.189 
59  0.206 
60  0.383 
61  0.089 
62  0.244 
63  0.382 
64  0.753 
65  0.329 
66  1.13 
67  1.905 
68  1.296 
69  0.923 
70  0.272 
71  0.343 
72  0.215 
73  0.177 
74  0.115 
75  0.18 
76  0.169 
77  0.145 
78  0.193 
79  0.198 
80  0.257 
81  0.528 
82  0.52 
83  0.403 
84  0.51 
85  0.561 
86  0.502 
87  0.348 
88  0.253 
89  0.206 
90  0.173 
91  0.172 
92  0.174 
93  0.176 
94  0.167 
95  0.195 
96  0.235 
97  0.25 
98  0.263 
99  0.265 
100  0.286 
101  0.262 
102  0.259 
103  0.324 
104  0.328 
105  0.335 
106  0.525 
107  0.276 
108  0.046 
109  0.123 
110  0.346 
111  0.545 
112  0.544 
113  0.498 
114  0.439 
115  0.377 
116  0.457 
117  0.404 
118  0.448 
119  0.4 
120  0.383 
121  0.355 
122  0.274 
123  0.247 
124  0.293 
125  0.243 
126  0.2 
127  0.257 
128  0.254 
129  0.467 
130  0.682 
131  0.857 
132  0.661 
133  0.385 
134  0.569 
135  0.357 
136  0.404 
137  0.784 
138  0.876 
139  0.52 
140  1.811 
141  2.373 
142  2.988 
143  2.583 
144  3.281 
145  2.348 
146  1.057 
147  0.899 
148  1.129 
149  0.272 
150  0.387 
151  0.411 
152  0.494 
153  0.335 
154  0.305 
155  0.581 
156  0.645 
157  0.522 
158  0.494 
159  0.188 
160  0.081 
161  0.125 
162  0.39 
163  0.946 
164  1.097 
165  4.09 
166  3.18 
167  0.88 
168  0.484 
169  0.291 
170  0.464 
171  0.386 
172  1.035 
173  1.373 
174  1.513 
175  1.182 
176  0.917 
177  0.931 
178  2.082 
179  2.112 
