1  0.26 
2  0.29 
3  0.215 
4  0.31 
5  0.36 
6  0.36 
7  0.77 
8  1.029 
9  1.245 
10  0.702 
11  0.759 
12  1.05 
13  0.569 
14  0.295 
15  0.268 
16  0.084 
17  0.074 
18  0.242 
19  0.323 
20  0.277 
21  0.552 
22  0.539 
23  0.351 
24  0.471 
25  0.517 
26  0.784 
27  1.379 
28  1.399 
29  1.525 
30  1.026 
31  0.715 
32  0.978 
33  0.894 
34  0.458 
35  0.526 
36  0.73 
37  0.435 
38  0.17 
39  0.291 
40  0.17 
41  0.034 
42  0.102 
43  0.112 
44  0.111 
45  0.098 
46  0.249 
47  0.35 
48  0.72 
49  0.935 
50  0.862 
51  0.613 
52  0.34 
53  0.179 
54  0.043 
55  0.02 
56  0.037 
57  0.019 
58  0.066 
59  0.046 
60  0.112 
61  0.154 
62  0.328 
63  0.473 
64  0.78 
65  0.885 
66  1.24 
67  0.829 
68  0.676 
69  0.376 
70  0.42 
71  0.221 
72  0.131 
73  0.113 
74  0.076 
75  0.123 
76  0.096 
77  0.044 
78  0.052 
79  0.011 
80  0.007 
81  0.049 
82  0.055 
83  0.054 
84  0.078 
85  0.132 
86  0.126 
87  0.084 
88  0.021 
89  0.018 
90  0.032 
91  0.018 
92  0.001 
93  0.014 
94  0.029 
95  0.015 
96  0.004 
97  0.04 
98  0.048 
99  0.017 
100  0.014 
101  0.011 
102  0.039 
103  0.089 
104  0.117 
105  0.21 
106  0.303 
107  0.188 
108  0.125 
109  0.113 
110  0.157 
111  0.223 
112  0.277 
113  0.362 
114  0.227 
115  0.594 
116  0.491 
117  0.492 
118  0.337 
119  0.245 
120  0.259 
121  0.272 
122  0.168 
123  0.136 
124  0.168 
125  0.161 
126  0.111 
127  0.097 
128  0.186 
129  0.085 
130  0.11 
131  0.05 
132  0.208 
133  0.217 
134  0.403 
135  0.596 
136  0.751 
137  0.88 
138  1.11 
139  1.356 
140  3.254 
141  2.889 
142  3.93 
143  3.427 
144  4.556 
145  3.806 
146  2.251 
147  2.372 
148  1.644 
149  0.49 
150  0.035 
151  0.14 
152  0.396 
153  0.393 
154  0.113 
155  0.095 
156  0.023 
157  0.031 
158  0.068 
159  0.089 
160  0.114 
161  0.202 
162  0.225 
163  0.396 
164  0.453 
165  0.326 
166  0.681 
167  0.954 
168  0.565 
169  1.087 
170  1.081 
171  1.153 
172  1.397 
173  1.842 
174  1.928 
175  3.69 
176  2.779 
177  1.178 
178  1.222 
179  0.48 
