1  0.323 
2  0.226 
3  0.269 
4  0.335 
5  0.234 
6  0.252 
7  0.383 
8  0.335 
9  0.237 
10  0.238 
11  0.159 
12  0.133 
13  0.079 
14  0.053 
15  0.087 
16  0.113 
17  0.179 
18  0.118 
19  0.105 
20  0.153 
21  0.108 
22  0.056 
23  0.081 
24  0.088 
25  0.035 
26  0.021 
27  0.057 
28  0.035 
29  0.016 
30  0.046 
31  0.096 
32  0.115 
33  0.17 
34  0.129 
35  0.174 
36  0.158 
37  0.121 
38  0.071 
39  0.058 
40  0.069 
41  0.029 
42  0.008 
43  0.028 
44  0.039 
45  0.008 
46  0.014 
47  0.013 
48  0.01 
49  0.027 
50  0.016 
51  0.046 
52  0.058 
53  0.1 
54  0.15 
55  0.203 
56  0.312 
57  0.265 
58  0.194 
59  0.103 
60  0.067 
61  0.035 
62  0.02 
63  0.02 
64  0.009 
65  0.031 
66  0.043 
67  0.092 
68  0.117 
69  0.154 
70  0.152 
71  0.155 
72  0.138 
73  0.133 
74  0.142 
75  0.131 
76  0.146 
77  0.144 
78  0.139 
79  0.148 
80  0.148 
81  0.15 
82  0.167 
83  0.192 
84  0.174 
85  0.202 
86  0.221 
87  0.221 
88  0.212 
89  0.179 
90  0.151 
91  0.125 
92  0.093 
93  0.074 
94  0.047 
95  0.023 
96  0.009 
97  0.015 
98  0.004 
99  0.016 
100  0.02 
101  0.011 
102  0.041 
103  0.063 
104  0.043 
105  0.09 
106  0.141 
107  0.153 
108  0.103 
109  0.073 
110  0.134 
111  0.142 
112  0.082 
113  0.1 
114  0.15 
115  0.115 
116  0.08 
117  0.126 
118  0.14 
119  0.091 
120  0.108 
121  0.151 
122  0.142 
123  0.113 
124  0.143 
125  0.178 
126  0.19 
127  0.183 
128  0.146 
129  0.136 
130  0.134 
131  0.125 
132  0.12 
133  0.091 
134  0.096 
135  0.101 
136  0.127 
137  0.195 
138  0.165 
139  0.108 
140  0.138 
141  0.093 
142  0.084 
143  0.142 
144  0.163 
145  0.128 
146  0.141 
147  0.208 
148  0.222 
149  0.19 
150  0.233 
151  0.186 
152  0.226 
153  0.216 
154  0.241 
155  0.254 
156  0.273 
157  0.227 
158  0.331 
159  0.342 
160  0.36 
161  0.469 
162  0.545 
163  0.606 
164  0.487 
165  0.375 
166  0.321 
167  0.229 
168  0.211 
169  0.239 
170  0.172 
171  0.181 
172  0.153 
173  0.156 
174  0.159 
175  0.164 
176  0.132 
177  0.135 
178  0.129 
179  0.126 
180  0.132 
181  0.126 
182  0.13 
183  0.101 
184  0.184 
185  1.7 
186  4.025 
187  5.192 
188  2.739 
189  3.265 
190  7.024 
191  7.607 
192  6.525 
193  8.078 
194  12.574 
195  14.785 
