1  0.206 
2  0.151 
3  0.164 
4  0.108 
5  0.082 
6  0.054 
7  0.044 
8  0.039 
9  0.022 
10  0.006 
11  0.0 
12  0.007 
13  0.014 
14  0.02 
15  0.046 
16  0.075 
17  0.086 
18  0.058 
19  0.062 
20  0.091 
21  0.065 
22  0.037 
23  0.057 
24  0.074 
25  0.05 
26  0.031 
27  0.059 
28  0.076 
29  0.054 
30  0.042 
31  0.057 
32  0.032 
33  0.037 
34  0.027 
35  0.051 
36  0.073 
37  0.068 
38  0.033 
39  0.037 
40  0.063 
41  0.048 
42  0.023 
43  0.033 
44  0.057 
45  0.059 
46  0.059 
47  0.06 
48  0.027 
49  0.019 
50  0.007 
51  0.002 
52  0.003 
53  0.009 
54  0.022 
55  0.043 
56  0.059 
57  0.044 
58  0.054 
59  0.035 
60  0.04 
61  0.023 
62  0.006 
63  0.002 
64  0.002 
65  0.013 
66  0.029 
67  0.056 
68  0.069 
69  0.095 
70  0.098 
71  0.095 
72  0.066 
73  0.053 
74  0.041 
75  0.056 
76  0.054 
77  0.068 
78  0.087 
79  0.123 
80  0.113 
81  0.135 
82  0.163 
83  0.181 
84  0.198 
85  0.181 
86  0.175 
87  0.141 
88  0.157 
89  0.141 
90  0.107 
91  0.079 
92  0.049 
93  0.031 
94  0.016 
95  0.003 
96  0.003 
97  0.011 
98  0.027 
99  0.04 
100  0.067 
101  0.106 
102  0.13 
103  0.091 
104  0.093 
105  0.114 
106  0.091 
107  0.073 
108  0.037 
109  0.041 
110  0.055 
111  0.029 
112  0.016 
113  0.035 
114  0.045 
115  0.027 
116  0.03 
117  0.062 
118  0.063 
119  0.053 
120  0.074 
121  0.11 
122  0.11 
123  0.103 
124  0.124 
125  0.153 
126  0.17 
127  0.157 
128  0.116 
129  0.128 
130  0.095 
131  0.065 
132  0.053 
133  0.031 
134  0.029 
135  0.041 
136  0.049 
137  0.087 
138  0.1 
139  0.088 
140  0.124 
141  0.105 
142  0.071 
143  0.094 
144  0.124 
145  0.087 
146  0.082 
147  0.121 
148  0.132 
149  0.102 
150  0.131 
151  0.103 
152  0.125 
153  0.115 
154  0.115 
155  0.105 
156  0.09 
157  0.055 
158  0.053 
159  0.038 
160  0.018 
161  0.013 
162  0.002 
163  0.002 
164  0.003 
165  0.004 
166  0.01 
167  0.012 
168  0.033 
169  0.045 
170  0.052 
171  0.065 
172  0.059 
173  0.071 
174  0.084 
175  0.097 
176  0.127 
177  0.135 
178  0.169 
179  0.198 
180  0.164 
181  0.172 
182  0.158 
183  0.183 
184  0.162 
185  1.68 
186  1.182 
187  1.069 
188  1.552 
189  2.163 
190  2.41 
191  7.936 
192  12.841 
193  15.265 
194  14.295 
195  26.412 
