1  2.337 
2  1.34 
3  1.566 
4  1.118 
5  0.57 
6  0.42 
7  0.676 
8  0.513 
9  0.242 
10  0.12 
11  0.023 
12  0.01 
13  0.013 
14  0.044 
15  0.105 
16  0.215 
17  0.256 
18  0.174 
19  0.237 
20  0.294 
21  0.165 
22  0.105 
23  0.17 
24  0.116 
25  0.042 
26  0.065 
27  0.085 
28  0.035 
29  0.044 
30  0.102 
31  0.137 
32  0.092 
33  0.08 
34  0.232 
35  0.467 
36  0.463 
37  0.555 
38  0.382 
39  0.264 
40  0.324 
41  0.291 
42  0.166 
43  0.124 
44  0.143 
45  0.155 
46  0.074 
47  0.207 
48  0.107 
49  0.088 
50  0.039 
51  0.012 
52  0.01 
53  0.023 
54  0.123 
55  0.285 
56  0.509 
57  0.38 
58  0.299 
59  0.111 
60  0.054 
61  0.007 
62  0.009 
63  0.033 
64  0.046 
65  0.084 
66  0.082 
67  0.107 
68  0.049 
69  0.018 
70  0.028 
71  0.107 
72  0.122 
73  0.109 
74  0.318 
75  0.463 
76  0.388 
77  0.164 
78  0.242 
79  0.289 
80  0.106 
81  0.23 
82  0.595 
83  0.826 
84  0.847 
85  0.323 
86  0.196 
87  0.166 
88  0.029 
89  0.013 
90  0.007 
91  0.018 
92  0.063 
93  0.069 
94  0.085 
95  0.08 
96  0.063 
97  0.043 
98  0.017 
99  0.002 
100  0.02 
101  0.021 
102  0.084 
103  0.081 
104  0.037 
105  0.133 
106  0.201 
107  0.171 
108  0.054 
109  0.05 
110  0.109 
111  0.047 
112  0.025 
113  0.08 
114  0.09 
115  0.06 
116  0.098 
117  0.169 
118  0.224 
119  0.207 
120  0.214 
121  0.33 
122  0.451 
123  0.304 
124  0.193 
125  0.274 
126  0.16 
127  0.042 
128  0.059 
129  0.101 
130  0.066 
131  0.079 
132  0.055 
133  0.072 
134  0.105 
135  0.134 
136  0.217 
137  0.276 
138  0.396 
139  0.26 
140  0.3 
141  0.223 
142  0.159 
143  0.182 
144  0.222 
145  0.163 
146  0.124 
147  0.148 
148  0.185 
149  0.146 
150  0.109 
151  0.091 
152  0.073 
153  0.086 
154  0.045 
155  0.042 
156  0.081 
157  0.077 
158  0.078 
159  0.087 
160  1.203 
161  3.126 
162  9.185 
163  5.823 
164  16.519 
165  7.135 
166  1.977 
167  1.368 
168  0.964 
169  0.242 
170  0.154 
171  0.097 
172  0.06 
173  0.071 
174  0.061 
175  0.134 
176  0.241 
177  0.322 
178  0.423 
179  0.514 
180  0.294 
181  0.446 
182  0.459 
183  0.968 
184  1.771 
185  0.715 
186  0.276 
187  0.245 
188  0.804 
189  0.48 
190  0.442 
191  1.705 
192  2.052 
193  0.903 
194  2.094 
195  4.517 
