1  0.269 
2  0.18 
3  0.179 
4  0.112 
5  0.077 
6  0.042 
7  0.041 
8  0.044 
9  0.021 
10  0.01 
11  0.005 
12  0.018 
13  0.024 
14  0.027 
15  0.057 
16  0.081 
17  0.098 
18  0.06 
19  0.063 
20  0.082 
21  0.066 
22  0.036 
23  0.046 
24  0.066 
25  0.045 
26  0.024 
27  0.043 
28  0.062 
29  0.045 
30  0.029 
31  0.035 
32  0.016 
33  0.021 
34  0.019 
35  0.039 
36  0.06 
37  0.062 
38  0.031 
39  0.035 
40  0.06 
41  0.049 
42  0.023 
43  0.038 
44  0.061 
45  0.063 
46  0.063 
47  0.064 
48  0.029 
49  0.026 
50  0.01 
51  0.005 
52  0.006 
53  0.009 
54  0.029 
55  0.056 
56  0.088 
57  0.074 
58  0.071 
59  0.039 
60  0.038 
61  0.016 
62  0.004 
63  0.002 
64  0.003 
65  0.016 
66  0.029 
67  0.052 
68  0.049 
69  0.062 
70  0.06 
71  0.059 
72  0.048 
73  0.047 
74  0.05 
75  0.066 
76  0.069 
77  0.063 
78  0.07 
79  0.082 
80  0.084 
81  0.078 
82  0.054 
83  0.055 
84  0.063 
85  0.059 
86  0.051 
87  0.043 
88  0.054 
89  0.064 
90  0.069 
91  0.06 
92  0.046 
93  0.032 
94  0.019 
95  0.007 
96  0.004 
97  0.01 
98  0.019 
99  0.035 
100  0.066 
101  0.099 
102  0.131 
103  0.087 
104  0.085 
105  0.103 
106  0.078 
107  0.052 
108  0.028 
109  0.029 
110  0.041 
111  0.017 
112  0.009 
113  0.028 
114  0.037 
115  0.024 
116  0.029 
117  0.059 
118  0.066 
119  0.059 
120  0.075 
121  0.109 
122  0.117 
123  0.101 
124  0.106 
125  0.137 
126  0.139 
127  0.114 
128  0.088 
129  0.093 
130  0.075 
131  0.054 
132  0.047 
133  0.035 
134  0.03 
135  0.036 
136  0.044 
137  0.078 
138  0.084 
139  0.073 
140  0.097 
141  0.072 
142  0.045 
143  0.067 
144  0.075 
145  0.042 
146  0.042 
147  0.074 
148  0.066 
149  0.046 
150  0.075 
151  0.066 
152  0.087 
153  0.076 
154  0.08 
155  0.087 
156  0.082 
157  0.078 
158  0.093 
159  0.11 
160  0.132 
161  0.208 
162  0.268 
163  0.339 
164  0.209 
165  0.124 
166  0.108 
167  0.069 
168  0.07 
169  0.077 
170  0.059 
171  0.065 
172  0.055 
173  0.057 
174  0.066 
175  0.069 
176  0.095 
177  0.107 
178  0.13 
179  0.14 
180  0.112 
181  0.106 
182  0.077 
183  0.051 
184  0.013 
185  8.645 
186  23.082 
187  20.993 
188  3.923 
189  3.166 
190  10.139 
191  3.385 
192  2.333 
193  7.694 
194  3.346 
195  1.339 
