1  0.603 
2  0.362 
3  0.419 
4  0.382 
5  0.223 
6  0.178 
7  0.272 
8  0.196 
9  0.098 
10  0.081 
11  0.051 
12  0.047 
13  0.064 
14  0.053 
15  0.089 
16  0.14 
17  0.079 
18  0.06 
19  0.14 
20  0.165 
21  0.097 
22  0.095 
23  0.187 
24  0.182 
25  0.106 
26  0.118 
27  0.211 
28  0.188 
29  0.128 
30  0.177 
31  0.29 
32  0.318 
33  0.463 
34  0.463 
35  0.552 
36  0.422 
37  0.465 
38  0.381 
39  0.245 
40  0.266 
41  0.317 
42  0.201 
43  0.142 
44  0.212 
45  0.305 
46  0.318 
47  0.382 
48  0.204 
49  0.124 
50  0.069 
51  0.036 
52  0.006 
53  0.009 
54  0.021 
55  0.076 
56  0.108 
57  0.036 
58  0.028 
59  0.015 
60  0.037 
61  0.01 
62  0.007 
63  0.018 
64  0.049 
65  0.073 
66  0.111 
67  0.125 
68  0.141 
69  0.135 
70  0.103 
71  0.152 
72  0.171 
73  0.13 
74  0.195 
75  0.197 
76  0.205 
77  0.108 
78  0.113 
79  0.116 
80  0.078 
81  0.064 
82  0.071 
83  0.097 
84  0.056 
85  0.045 
86  0.088 
87  0.14 
88  0.138 
89  0.085 
90  0.089 
91  0.063 
92  0.066 
93  0.062 
94  0.045 
95  0.076 
96  0.048 
97  0.021 
98  0.028 
99  0.036 
100  0.091 
101  0.163 
102  0.212 
103  0.128 
104  0.106 
105  0.121 
106  0.13 
107  0.069 
108  0.026 
109  0.01 
110  0.018 
111  0.027 
112  0.01 
113  0.012 
114  0.039 
115  0.049 
116  0.047 
117  0.055 
118  0.112 
119  0.122 
120  0.105 
121  0.138 
122  0.232 
123  0.218 
124  0.151 
125  0.144 
126  0.072 
127  0.081 
128  0.058 
129  0.034 
130  0.031 
131  0.032 
132  0.033 
133  0.037 
134  0.035 
135  0.033 
136  0.031 
137  0.065 
138  0.036 
139  0.016 
140  0.023 
141  0.029 
142  0.027 
143  0.024 
144  0.032 
145  0.029 
146  0.025 
147  0.031 
148  0.037 
149  0.031 
150  0.029 
151  0.025 
152  0.035 
153  0.054 
154  0.066 
155  0.105 
156  0.107 
157  0.067 
158  0.031 
159  0.285 
160  1.246 
161  5.283 
162  12.326 
163  27.46 
164  19.034 
165  7.304 
166  3.464 
167  0.606 
168  0.291 
169  0.065 
170  0.024 
171  0.052 
172  0.05 
173  0.034 
174  0.032 
175  0.025 
176  0.025 
177  0.032 
178  0.039 
179  0.026 
180  0.025 
181  0.043 
182  0.069 
183  0.094 
184  0.13 
185  0.045 
186  0.302 
187  0.508 
188  0.205 
189  0.009 
190  0.279 
191  0.41 
192  0.17 
193  0.011 
194  0.301 
195  0.504 
