1  0.622 
2  0.318 
3  0.406 
4  0.398 
5  0.219 
6  0.204 
7  0.345 
8  0.237 
9  0.138 
10  0.144 
11  0.141 
12  0.154 
13  0.173 
14  0.139 
15  0.224 
16  0.276 
17  0.155 
18  0.083 
19  0.16 
20  0.136 
21  0.052 
22  0.083 
23  0.196 
24  0.161 
25  0.077 
26  0.113 
27  0.245 
28  0.217 
29  0.116 
30  0.186 
31  0.526 
32  0.676 
33  1.114 
34  0.723 
35  0.713 
36  0.469 
37  0.621 
38  0.556 
39  0.325 
40  0.399 
41  0.514 
42  0.302 
43  0.246 
44  0.429 
45  0.582 
46  0.567 
47  0.501 
48  0.233 
49  0.165 
50  0.118 
51  0.09 
52  0.046 
53  0.044 
54  0.036 
55  0.07 
56  0.109 
57  0.051 
58  0.009 
59  0.002 
60  0.01 
61  0.004 
62  0.018 
63  0.033 
64  0.047 
65  0.044 
66  0.034 
67  0.008 
68  0.065 
69  0.163 
70  0.25 
71  0.445 
72  0.342 
73  0.287 
74  0.518 
75  0.784 
76  0.642 
77  0.339 
78  0.505 
79  0.466 
80  0.234 
81  0.386 
82  0.75 
83  1.118 
84  1.229 
85  0.722 
86  0.71 
87  0.595 
88  0.349 
89  0.243 
90  0.105 
91  0.044 
92  0.003 
93  0.012 
94  0.019 
95  0.035 
96  0.03 
97  0.014 
98  0.002 
99  0.004 
100  0.036 
101  0.084 
102  0.128 
103  0.077 
104  0.05 
105  0.061 
106  0.076 
107  0.05 
108  0.015 
109  0.007 
110  0.024 
111  0.031 
112  0.028 
113  0.026 
114  0.045 
115  0.059 
116  0.046 
117  0.061 
118  0.122 
119  0.1 
120  0.055 
121  0.125 
122  0.172 
123  0.071 
124  0.017 
125  0.079 
126  0.211 
127  0.15 
128  0.084 
129  0.151 
130  0.057 
131  0.004 
132  0.008 
133  0.018 
134  0.059 
135  0.087 
136  0.174 
137  0.27 
138  0.282 
139  0.225 
140  0.191 
141  0.217 
142  0.125 
143  0.092 
144  0.128 
145  0.118 
146  0.059 
147  0.067 
148  0.116 
149  0.079 
150  0.061 
151  0.026 
152  0.015 
153  0.018 
154  0.012 
155  0.04 
156  0.371 
157  0.474 
158  1.519 
159  1.689 
160  2.531 
161  2.238 
162  4.89 
163  9.908 
164  19.059 
165  6.288 
166  0.844 
167  0.593 
168  0.112 
169  0.501 
170  0.199 
171  0.118 
172  0.04 
173  0.016 
174  0.003 
175  0.027 
176  0.132 
177  0.209 
178  0.363 
179  0.518 
180  0.346 
181  0.415 
182  0.429 
183  0.829 
184  0.986 
185  0.386 
186  0.145 
187  0.248 
188  0.609 
189  0.446 
190  0.507 
191  1.352 
192  1.685 
193  1.106 
194  1.794 
195  3.323 
